10 0.600000 0.781250 0.088889 0.125000
10 0.367361 0.263542 0.087500 0.143750
10 0.290972 0.150000 0.093056 0.104167
10 0.208333 0.259375 0.086111 0.122917
10 0.139583 0.266667 0.073611 0.112500
10 0.122917 0.550000 0.098611 0.150000
10 0.302083 0.507292 0.098611 0.135417
10 0.222222 0.394792 0.100000 0.147917
10 0.299306 0.673958 0.093056 0.135417
10 0.383333 0.636458 0.094444 0.127083
10 0.454167 0.561458 0.091667 0.139583
10 0.417361 0.439583 0.093056 0.133333
10 0.487500 0.419792 0.086111 0.135417
