10 0.408889 0.351111 0.142222 0.124444
10 0.204444 0.273333 0.124444 0.137778
10 0.404444 0.468889 0.115556 0.128889
10 0.513333 0.484444 0.155556 0.124444
10 0.475556 0.593333 0.142222 0.120000
10 0.508889 0.262222 0.128889 0.124444
10 0.693333 0.433333 0.124444 0.120000
10 0.400000 0.693333 0.133333 0.133333
10 0.295556 0.460000 0.120000 0.137778
10 0.740000 0.551111 0.137778 0.124444
10 0.708889 0.326667 0.128889 0.120000
10 0.635556 0.188889 0.124444 0.120000
10 0.615556 0.671111 0.137778 0.124444
