10 0.612360 0.468750 0.168539 0.212500
10 0.493446 0.291250 0.155431 0.187500
10 0.294944 0.388750 0.136704 0.197500
10 0.161049 0.203750 0.127341 0.167500
10 0.117041 0.505000 0.162921 0.230000
10 0.393258 0.637500 0.149813 0.210000
10 0.283708 0.901250 0.151685 0.182500
10 0.841760 0.456250 0.132959 0.187500
10 0.698502 0.256250 0.134831 0.152500
10 0.617041 0.112500 0.132959 0.175000
10 0.555243 0.836250 0.144195 0.182500
10 0.872659 0.732500 0.172285 0.225000
10 0.732210 0.596250 0.164794 0.222500
10 0.411985 0.405000 0.134831 0.185000
