10 0.540367 0.457500 0.177982 0.250000
10 0.292661 0.428750 0.159633 0.192500
10 0.134862 0.310000 0.174312 0.210000
10 0.294495 0.256250 0.148624 0.197500
10 0.439450 0.225000 0.133945 0.205000
10 0.562385 0.287500 0.144954 0.180000
10 0.702752 0.296250 0.150459 0.197500
10 0.828440 0.285000 0.122936 0.185000
10 0.713761 0.108750 0.146789 0.172500
10 0.859633 0.115000 0.181651 0.170000
10 0.588991 0.151250 0.154128 0.162500
10 0.472477 0.095000 0.137615 0.165000
10 0.347706 0.138750 0.137615 0.162500
10 0.201835 0.143750 0.165138 0.202500
