10 0.921528 0.808333 0.156944 0.291667
10 0.586111 0.880208 0.222222 0.239583
10 0.313194 0.827083 0.195833 0.291667
10 0.074306 0.831250 0.145833 0.316667
10 0.425000 0.588542 0.219444 0.272917
10 0.727083 0.589583 0.195833 0.262500
10 0.536806 0.417708 0.204167 0.277083
10 0.245139 0.551042 0.170833 0.252083
10 0.345139 0.383333 0.195833 0.254167
10 0.473611 0.220833 0.155556 0.229167
10 0.641667 0.177083 0.175000 0.212500
10 0.699306 0.383333 0.134722 0.216667
10 0.838889 0.510417 0.166667 0.241667
10 0.134722 0.405208 0.163889 0.227083
10 0.265278 0.267708 0.175000 0.239583
