10 0.125000 0.193750 0.110406 0.158333
10 0.234772 0.190625 0.104061 0.168750
10 0.298858 0.144792 0.123096 0.147917
10 0.418782 0.183333 0.121827 0.162500
10 0.538071 0.113542 0.101523 0.131250
10 0.550761 0.254167 0.121827 0.154167
10 0.804569 0.192708 0.104061 0.152083
10 0.708756 0.408333 0.151015 0.191667
10 0.434645 0.388542 0.161168 0.197917
10 0.613579 0.575000 0.209391 0.245833
10 0.578046 0.429167 0.145939 0.195833
10 0.422589 0.571875 0.159898 0.268750
10 0.211929 0.560417 0.197970 0.262500
10 0.880711 0.676042 0.195431 0.156250
10 0.859137 0.507292 0.170051 0.189583
10 0.113579 0.452083 0.128173 0.125000
10 0.194162 0.318750 0.121827 0.125000
