11 0.756667 0.225 0.246667 0.15
11 0.52 0.2325 0.28 0.185
11 0.27 0.2475 0.273333 0.195
11 0.256667 0.4225 0.26 0.175
11 0.473333 0.3725 0.293333 0.185
11 0.743333 0.365 0.273333 0.14
11 0.7166669999999999 0.495 0.326667 0.15
11 0.43999999999999995 0.5125 0.24 0.165
11 0.24666699999999997 0.5625 0.293333 0.155
11 0.49666699999999997 0.69 0.286667 0.23
11 0.71 0.65 0.286667 0.21
11 0.25333300000000003 0.7275 0.293333 0.175
11 0.516667 0.8575 0.246667 0.185
11 0.753333 0.83 0.266667 0.24
11 0.266667 0.88 0.24 0.17
