11 0.48375 0.3225 0.1825 0.17
11 0.2875 0.32 0.18 0.18
11 0.8075 0.91125 0.205 0.1775
11 0.92375 0.88 0.1475 0.19
11 0.68875 0.58625 0.1875 0.1675
11 0.48624999999999996 0.58625 0.1975 0.1675
11 0.29500000000000004 0.5775 0.185 0.17
11 0.10999999999999999 0.58625 0.19 0.1775
11 0.20625000000000004 0.4525 0.1875 0.17
11 0.39749999999999996 0.4425 0.19 0.16
11 0.5875 0.4525 0.2 0.155
11 0.675 0.3325 0.19 0.195
11 0.78375 0.45125 0.1975 0.1475
11 0.8725 0.575 0.19 0.17
11 0.1775 0.32125 0.13 0.1475
