11 0.356364 0.756831 0.334545 0.344262
11 0.10727299999999995 0.822404 0.214545 0.355191
11 0.716364 0.786885 0.312727 0.382514
11 0.596364 0.584699 0.283636 0.360656
11 0.36 0.480874 0.261818 0.284153
11 0.13818200000000003 0.587432 0.276364 0.278689
11 0.11090900000000004 0.368852 0.221818 0.333333
11 0.358182 0.281421 0.229091 0.245902
11 0.590909 0.314208 0.250909 0.300546
11 0.852727 0.407104 0.265455 0.300546
11 0.909091 0.606557 0.174545 0.306011
11 0.907273 0.229508 0.178182 0.295082
11 0.6599999999999999 0.180328 0.236364 0.273224
11 0.421818 0.13388 0.210909 0.213115
11 0.18545500000000004 0.142077 0.189091 0.196721
