11 0.349765 0.793249 0.295775 0.413502
11 0.631455 0.793249 0.239437 0.405063
11 0.36385 0.42616 0.314554 0.14346
11 0.173709 0.350211 0.28169 0.194093
11 0.349765 0.276371 0.258216 0.181435
11 0.577465 0.360759 0.2723 0.189873
11 0.704225 0.295359 0.262911 0.151899
11 0.518779 0.208861 0.230047 0.139241
11 0.150235 0.189873 0.234742 0.14346
11 0.17136200000000001 0.084388 0.230047 0.14346
11 0.382629 0.124473 0.220657 0.130802
11 0.605634 0.118143 0.215962 0.168776
11 0.802817 0.202532 0.244131 0.126582
11 0.903756 0.312236 0.183099 0.151899
11 0.852113 0.424051 0.286385 0.164557
11 0.802817 0.107595 0.197183 0.097046
