11 0.606232 0.7125 0.203966 0.275
11 0.403683 0.8975 0.206799 0.205
11 0.213881 0.765 0.195467 0.3
11 0.16713900000000004 0.5625 0.186969 0.265
11 0.862606 0.745 0.189802 0.3
11 0.906516 0.49 0.169972 0.28
11 0.72238 0.545 0.186969 0.28
11 0.661473 0.8975 0.246459 0.205
11 0.5155810000000001 0.5125 0.186969 0.255
11 0.786119 0.305 0.161473 0.27
11 0.620397 0.355 0.186969 0.31
11 0.47308799999999995 0.3275 0.147309 0.235
11 0.331445 0.47 0.181303 0.25
11 0.22521199999999997 0.335 0.17847 0.24
11 0.36685599999999996 0.225 0.167139 0.26
