11 0.12172300000000003 0.8125 0.146067 0.215
11 0.12359600000000004 0.6125 0.157303 0.195
11 0.12734100000000004 0.425 0.142322 0.21
11 0.12921300000000002 0.24 0.146067 0.2
11 0.26217199999999996 0.23 0.157303 0.21
11 0.26779 0.435 0.146067 0.2
11 0.265918 0.615 0.149813 0.19
11 0.269663 0.8025 0.142322 0.205
11 0.41198500000000005 0.8025 0.149813 0.215
11 0.41011200000000003 0.6025 0.138577 0.195
11 0.404494 0.4075 0.134831 0.185
11 0.40824000000000005 0.2225 0.134831 0.185
11 0.546816 0.22 0.142322 0.19
11 0.552434 0.4175 0.138577 0.195
11 0.55618 0.6025 0.146067 0.195
11 0.565543 0.8 0.157303 0.22
11 0.707865 0.805 0.149813 0.2
11 0.698502 0.6175 0.153558 0.195
11 0.698502 0.4125 0.153558 0.215
11 0.689139 0.205 0.134831 0.18
11 0.840824 0.2175 0.161049 0.205
11 0.844569 0.41 0.153558 0.2
11 0.844569 0.6025 0.161049 0.175
11 0.8576779999999999 0.795 0.172285 0.19
