11 0.166667 0.264444 0.208889 0.12
11 0.16888899999999996 0.386667 0.213333 0.133333
11 0.26888900000000004 0.464444 0.182222 0.12
11 0.24222200000000005 0.831111 0.475556 0.311111
11 0.733333 0.835556 0.444444 0.32
11 0.737778 0.464444 0.168889 0.102222
11 0.36222200000000004 0.395556 0.182222 0.151111
11 0.628889 0.271111 0.2 0.133333
11 0.828889 0.275556 0.2 0.142222
11 0.828889 0.406667 0.2 0.146667
11 0.626667 0.397778 0.195556 0.146667
11 0.586667 0.455556 0.115556 0.12
11 0.877778 0.466667 0.111111 0.106667
