11 0.23484799999999995 0.755 0.217172 0.22
11 0.12121199999999999 0.88 0.191919 0.19
11 0.31313100000000005 0.8925 0.20202 0.195
11 0.39393900000000004 0.7575 0.151515 0.155
11 0.32323199999999996 0.65 0.171717 0.18
11 0.15151499999999996 0.655 0.161616 0.2
11 0.744949 0.735 0.207071 0.2
11 0.65404 0.8675 0.19697 0.175
11 0.85101 0.875 0.19697 0.2
11 0.921717 0.7575 0.146465 0.155
11 0.833333 0.65 0.181818 0.19
11 0.563131 0.76 0.156566 0.16
11 0.664141 0.625 0.176768 0.17
11 0.704545 0.19 0.419192 0.22
11 0.300505 0.1975 0.39899 0.215
11 0.330808 0.3675 0.429293 0.125
11 0.7323230000000001 0.3825 0.363636 0.155
11 0.492424 0.075 0.358586 0.14
