11 0.44754099999999997 0.6 0.213115 0.593939
11 0.567213 0.378788 0.183607 0.284848
11 0.44918 0.175758 0.209836 0.339394
11 0.5639339999999999 0.709091 0.177049 0.424242
27 0.7327870000000001 0.209091 0.134426 0.187879
27 0.742623 0.336364 0.140984 0.187879
27 0.7540979999999999 0.512121 0.163934 0.29697
27 0.827869 0.660606 0.186885 0.290909
27 0.927869 0.693939 0.137705 0.406061
27 0.904918 0.454545 0.163934 0.206061
27 0.891803 0.248485 0.177049 0.181818
27 0.839344 0.130303 0.157377 0.151515
