11 0.54 0.615 0.233333 0.26
11 0.313333 0.5725 0.22 0.235
11 0.10833300000000001 0.63 0.216667 0.29
11 0.07833299999999999 0.86 0.156667 0.28
11 0.28 0.8225 0.24 0.305
11 0.506667 0.845 0.246667 0.31
11 0.788333 0.84 0.243333 0.32
11 0.771667 0.6125 0.23 0.295
11 0.725 0.4075 0.216667 0.245
11 0.901667 0.3575 0.19 0.205
11 0.85 0.24 0.173333 0.18
11 0.685 0.2525 0.163333 0.205
11 0.513333 0.255 0.186667 0.17
11 0.498333 0.41 0.203333 0.22
11 0.318333 0.38 0.19 0.2
11 0.345 0.2525 0.17 0.165
11 0.36166699999999996 0.135 0.156667 0.13
11 0.513333 0.1325 0.16 0.145
11 0.6683330000000001 0.115 0.156667 0.15
11 0.823333 0.1125 0.173333 0.155
11 0.923333 0.54 0.146667 0.24
11 0.14 0.4225 0.2 0.215
11 0.18000000000000005 0.265 0.186667 0.2
11 0.19999999999999996 0.1475 0.173333 0.175
