11 0.358491 0.780591 0.207547 0.168776
11 0.15094300000000005 0.824895 0.216981 0.181435
11 0.22877400000000003 0.681435 0.193396 0.139241
11 0.5070749999999999 0.911392 0.221698 0.177215
11 0.636792 0.78481 0.198113 0.160338
11 0.47169799999999995 0.672996 0.169811 0.139241
11 0.662736 0.654008 0.174528 0.126582
11 0.47877400000000003 0.556962 0.15566 0.101266
11 0.6273580000000001 0.550633 0.150943 0.105485
11 0.287736 0.575949 0.160377 0.113924
11 0.12028300000000003 0.601266 0.15566 0.105485
