11 0.18181800000000004 0.784153 0.203636 0.234973
11 0.25090900000000005 0.655738 0.181818 0.196721
11 0.38909099999999996 0.879781 0.232727 0.240437
11 0.6109089999999999 0.877049 0.218182 0.224044
11 0.849091 0.806011 0.214545 0.234973
11 0.6527270000000001 0.715847 0.2 0.20765
11 0.421818 0.606557 0.167273 0.185792
11 0.429091 0.743169 0.196364 0.20765
11 0.8200000000000001 0.642077 0.2 0.169399
11 0.8200000000000001 0.453552 0.149091 0.153005
11 0.667273 0.557377 0.185455 0.174863
11 0.505455 0.5 0.167273 0.169399
11 0.329091 0.505464 0.170909 0.169399
11 0.6036360000000001 0.42623 0.145455 0.142077
11 0.46181799999999995 0.311475 0.130909 0.163934
11 0.383636 0.423497 0.149091 0.147541
11 0.23636400000000002 0.423497 0.130909 0.169399
11 0.08727300000000004 0.453552 0.174545 0.163934
11 0.13818200000000003 0.579235 0.181818 0.174863
11 0.11636400000000002 0.284153 0.130909 0.131148
11 0.456364 0.20765 0.134545 0.131148
11 0.710909 0.393443 0.134545 0.142077
11 0.858182 0.319672 0.145455 0.136612
11 0.64 0.254098 0.138182 0.103825
11 0.290909 0.286885 0.130909 0.114754
11 0.338182 0.338798 0.130909 0.10929
11 0.941818 0.398907 0.109091 0.120219
11 0.898182 0.560109 0.167273 0.180328
