11 0.654135 0.247368 0.203008 0.263158
11 0.806391 0.4 0.199248 0.252632
11 0.5432330000000001 0.721053 0.229323 0.284211
11 0.302632 0.692105 0.184211 0.278947
11 0.18984999999999996 0.584211 0.206767 0.231579
11 0.07518800000000003 0.486842 0.150376 0.236842
11 0.25563899999999995 0.415789 0.195489 0.242105
11 0.392857 0.507895 0.169173 0.226316
11 0.475564 0.305263 0.199248 0.252632
11 0.451128 0.102632 0.195489 0.194737
11 0.6390979999999999 0.065789 0.172932 0.121053
11 0.843985 0.594737 0.221805 0.231579
11 0.821429 0.802632 0.184211 0.236842
11 0.285714 0.9 0.225564 0.2
11 0.142857 0.781579 0.135338 0.194737
11 0.23120300000000005 0.160526 0.161654 0.163158
11 0.328947 0.236842 0.146617 0.2
11 0.6372180000000001 0.881579 0.176692 0.226316
11 0.432331 0.831579 0.157895 0.252632
