11 0.513333 0.43 0.2 0.15
11 0.296667 0.49 0.18 0.12
11 0.12 0.4775 0.16 0.135
11 0.12333300000000003 0.61 0.166667 0.15
11 0.21666700000000005 0.7425 0.193333 0.155
11 0.44999999999999996 0.77 0.22 0.18
11 0.713333 0.7225 0.24 0.185
11 0.873333 0.575 0.226667 0.16
11 0.913333 0.43 0.16 0.15
11 0.723333 0.4175 0.233333 0.145
11 0.6066670000000001 0.5475 0.186667 0.155
11 0.41333299999999995 0.6025 0.213333 0.155
11 0.6599999999999999 0.2975 0.2 0.135
11 0.86 0.2875 0.2 0.125
11 0.6799999999999999 0.1825 0.173333 0.095
11 0.51 0.18 0.153333 0.1
11 0.48 0.28 0.173333 0.12
11 0.36 0.35 0.173333 0.12
11 0.19666700000000004 0.3525 0.153333 0.115
11 0.33666700000000005 0.2425 0.153333 0.105
