11 0.606742 0.8425 0.299625 0.315
11 0.28839000000000004 0.8525 0.277154 0.295
11 0.17603000000000002 0.625 0.2397 0.27
11 0.7116100000000001 0.56 0.247191 0.27
11 0.608614 0.3725 0.198502 0.235
11 0.41947599999999996 0.5275 0.2397 0.275
11 0.883895 0.395 0.224719 0.27
11 0.78839 0.23 0.198502 0.2
11 0.906367 0.115 0.179775 0.18
11 0.561798 0.205 0.194757 0.2
11 0.40636700000000003 0.305 0.205993 0.2
11 0.12359600000000004 0.4225 0.217228 0.235
11 0.25655399999999995 0.25 0.168539 0.19
11 0.730337 0.07 0.172285 0.13
11 0.565543 0.0775 0.164794 0.145
11 0.40262200000000004 0.12 0.161049 0.18
11 0.15730299999999997 0.155 0.164794 0.19
