11 0.449438 0.775000 0.262172 0.340000

11 0.707865 0.825000 0.247191 0.350000

11 0.737828 0.500000 0.262172 0.340000

11 0.481273 0.457500 0.273408 0.355000

11 0.222846 0.517500 0.265918 0.335000

11 0.256554 0.240000 0.258427 0.320000

11 0.488764 0.177500 0.228464 0.265000

11 0.702247 0.212500 0.213483 0.255000

11 0.170412 0.805000 0.258427 0.320000

11 0.910112 0.645000 0.179775 0.440000

11 0.900749 0.282500 0.198502 0.335000

11 0.084270 0.262500 0.161049 0.305000

11 0.069288 0.532500 0.131086 0.305000

