2 0.525862 0.646250 0.250958 0.297500
2 0.682950 0.837500 0.300766 0.280000
2 0.863985 0.660000 0.229885 0.315000
2 0.386973 0.451250 0.229885 0.267500
2 0.654215 0.473750 0.224138 0.252500
2 0.258621 0.812500 0.306513 0.305000
2 0.173372 0.582500 0.258621 0.310000
2 0.102490 0.336250 0.147510 0.242500
2 0.294061 0.287500 0.204981 0.240000
2 0.488506 0.273750 0.199234 0.212500
2 0.630268 0.185000 0.183908 0.225000
2 0.761494 0.331250 0.220307 0.232500
2 0.809387 0.201250 0.185824 0.212500
2 0.344828 0.140000 0.191571 0.175000
2 0.168582 0.142500 0.187739 0.195000
2 0.502874 0.101250 0.178161 0.137500
