2 0.539062 0.856250 0.278125 0.252500
2 0.856250 0.878750 0.287500 0.242500
2 0.809375 0.653750 0.268750 0.202500
2 0.509375 0.626250 0.243750 0.197500
2 0.793750 0.462500 0.256250 0.180000
2 0.768750 0.287500 0.268750 0.175000
2 0.762500 0.141250 0.231250 0.167500
2 0.509375 0.437500 0.262500 0.180000
2 0.517188 0.275000 0.234375 0.165000
2 0.498437 0.131250 0.221875 0.162500
2 0.235937 0.142500 0.234375 0.180000
2 0.220312 0.287500 0.246875 0.180000
2 0.176563 0.448750 0.259375 0.192500
2 0.192188 0.637500 0.271875 0.210000
2 0.181250 0.865000 0.306250 0.245000
