2 0.603333 0.773810 0.173333 0.309524
2 0.796667 0.729167 0.193333 0.339286
2 0.943333 0.803571 0.113333 0.369048
2 0.808333 0.470238 0.176667 0.261905
2 0.623333 0.482143 0.166667 0.250000
2 0.643333 0.294643 0.133333 0.184524
2 0.798333 0.166667 0.130000 0.190476
2 0.776667 0.315476 0.146667 0.178571
2 0.928333 0.282738 0.143333 0.208333
2 0.928333 0.139881 0.143333 0.184524
2 0.658333 0.142857 0.130000 0.178571
2 0.360000 0.553571 0.160000 0.261905
2 0.191667 0.639881 0.183333 0.291667
2 0.058333 0.639881 0.110000 0.279762
2 0.436667 0.375000 0.133333 0.202381
2 0.245000 0.196429 0.116667 0.166667
2 0.123333 0.261905 0.133333 0.178571
2 0.053333 0.369048 0.100000 0.166667
2 0.370000 0.214286 0.106667 0.178571
2 0.445000 0.247024 0.123333 0.148810
