2 0.337778 0.664444 0.284444 0.280000
2 0.668889 0.675556 0.280000 0.266667
2 0.846667 0.920000 0.306667 0.160000
2 0.880000 0.668889 0.240000 0.235556
2 0.760000 0.482222 0.248889 0.200000
2 0.475556 0.446667 0.240000 0.217778
2 0.224444 0.448889 0.262222 0.222222
2 0.120000 0.273333 0.213333 0.182222
2 0.371111 0.297778 0.217778 0.168889
2 0.586667 0.320000 0.204444 0.177778
2 0.275556 0.164444 0.195556 0.160000
2 0.486667 0.188889 0.182222 0.137778
2 0.384444 0.080000 0.155556 0.124444
2 0.202222 0.062222 0.173333 0.115556
2 0.086667 0.148889 0.164444 0.146667
2 0.791111 0.328889 0.195556 0.160000
2 0.928889 0.455556 0.142222 0.173333
2 0.575556 0.093333 0.155556 0.115556
2 0.662222 0.200000 0.168889 0.142222
2 0.815556 0.197778 0.155556 0.128889
2 0.868889 0.128889 0.137778 0.106667
2 0.720000 0.108889 0.151111 0.111111
