2 0.713483 0.547500 0.230337 0.365000
2 0.905899 0.510000 0.188202 0.340000
2 0.810393 0.842500 0.306180 0.315000
2 0.532303 0.857500 0.283708 0.285000
2 0.300562 0.687500 0.258427 0.435000
2 0.321629 0.382500 0.210674 0.285000
2 0.498596 0.505000 0.199438 0.370000
2 0.592697 0.282500 0.179775 0.285000
2 0.796348 0.232500 0.193820 0.275000
2 0.432584 0.215000 0.179775 0.250000
2 0.262640 0.205000 0.205056 0.260000
2 0.526685 0.090000 0.154494 0.170000
2 0.765449 0.077500 0.154494 0.145000
2 0.092697 0.775000 0.179775 0.450000
