2 0.750000 0.363750 0.262887 0.122500
2 0.757732 0.757500 0.268041 0.155000
2 0.752577 0.616250 0.247423 0.137500
2 0.737113 0.487500 0.288660 0.140000
2 0.466495 0.473750 0.293814 0.132500
2 0.487113 0.605000 0.335052 0.160000
2 0.466495 0.763750 0.324742 0.162500
2 0.159794 0.761250 0.309278 0.172500
2 0.175258 0.607500 0.340206 0.160000
2 0.195876 0.477500 0.309278 0.145000
2 0.198454 0.358750 0.293814 0.132500
2 0.221649 0.247500 0.268041 0.145000
2 0.206186 0.132500 0.309278 0.135000
2 0.559278 0.145000 0.293814 0.125000
2 0.837629 0.152500 0.283505 0.120000
2 0.479381 0.247500 0.298969 0.150000
2 0.773196 0.252500 0.309278 0.145000
