2 0.498124 0.460000 0.148218 0.175000
2 0.498124 0.618750 0.140713 0.192500
2 0.371482 0.562500 0.138837 0.190000
2 0.381801 0.771250 0.155722 0.207500
2 0.233583 0.827500 0.155722 0.200000
2 0.117261 0.722500 0.155722 0.205000
2 0.255159 0.637500 0.138837 0.200000
2 0.194184 0.432500 0.144465 0.195000
2 0.326454 0.382500 0.138837 0.195000
2 0.439024 0.293750 0.131332 0.182500
2 0.311445 0.221250 0.131332 0.157500
2 0.188555 0.252500 0.129456 0.175000
2 0.084428 0.368750 0.142589 0.192500
2 0.084428 0.547500 0.153846 0.185000
