2 0.483636 0.418033 0.181818 0.289617
2 0.680000 0.431694 0.189091 0.316940
2 0.883636 0.448087 0.232727 0.327869
2 0.889091 0.737705 0.221818 0.349727
2 0.700000 0.707650 0.214545 0.355191
2 0.505455 0.707650 0.189091 0.355191
2 0.312727 0.713115 0.203636 0.366120
2 0.105455 0.724044 0.203636 0.355191
2 0.112727 0.407104 0.203636 0.256831
2 0.140000 0.188525 0.192727 0.245902
2 0.330909 0.191257 0.189091 0.251366
2 0.503636 0.193989 0.185455 0.224044
2 0.681818 0.196721 0.185455 0.262295
2 0.865455 0.218579 0.203636 0.295082
