2 0.680000 0.735556 0.257778 0.262222
2 0.417778 0.897778 0.302222 0.195556
2 0.180000 0.811111 0.306667 0.297778
2 0.217778 0.540000 0.266667 0.280000
2 0.446667 0.591111 0.235556 0.257778
2 0.811111 0.566667 0.271111 0.262222
2 0.611111 0.455556 0.253333 0.244444
2 0.724444 0.328889 0.257778 0.213333
2 0.911111 0.437778 0.177778 0.217778
2 0.891111 0.248889 0.217778 0.204444
2 0.735556 0.140000 0.217778 0.217778
2 0.577778 0.226667 0.222222 0.231111
2 0.448889 0.351111 0.248889 0.222222
2 0.306667 0.220000 0.248889 0.253333
2 0.168889 0.355556 0.275556 0.248889
2 0.451111 0.122222 0.226667 0.200000
