2 0.887640 0.765000 0.224719 0.340000
2 0.642322 0.752500 0.258427 0.285000
2 0.370787 0.770000 0.239700 0.290000
2 0.117978 0.757500 0.228464 0.305000
2 0.166667 0.492500 0.213483 0.235000
2 0.391386 0.520000 0.213483 0.230000
2 0.616105 0.497500 0.205993 0.225000
2 0.870787 0.517500 0.205993 0.215000
2 0.784644 0.335000 0.176030 0.210000
2 0.739700 0.175000 0.161049 0.180000
2 0.576779 0.180000 0.164794 0.180000
2 0.569288 0.317500 0.179775 0.175000
2 0.378277 0.310000 0.179775 0.190000
2 0.205993 0.310000 0.179775 0.170000
2 0.215356 0.177500 0.153558 0.135000
2 0.395131 0.160000 0.161049 0.140000
