2 0.384444 0.568889 0.200000 0.115556
2 0.837778 0.815556 0.235556 0.120000
2 0.606667 0.797778 0.235556 0.137778
2 0.613333 0.260000 0.213333 0.146667
2 0.382222 0.264444 0.222222 0.128889
2 0.182222 0.251111 0.222222 0.137778
2 0.168889 0.351111 0.222222 0.124444
2 0.175556 0.568889 0.226667 0.133333
2 0.157778 0.686667 0.244444 0.146667
2 0.151111 0.797778 0.222222 0.128889
2 0.373333 0.795556 0.231111 0.142222
2 0.840000 0.704444 0.231111 0.120000
2 0.835556 0.517778 0.222222 0.137778
2 0.384444 0.677778 0.217778 0.111111
2 0.608889 0.691111 0.231111 0.128889
2 0.600000 0.573333 0.231111 0.133333
2 0.620000 0.460000 0.217778 0.111111
2 0.824444 0.244444 0.226667 0.106667
2 0.835556 0.337778 0.231111 0.106667
2 0.844444 0.431111 0.240000 0.097778
2 0.777778 0.611111 0.213333 0.120000
2 0.200000 0.462222 0.231111 0.133333
2 0.420000 0.471111 0.226667 0.142222
2 0.377778 0.366667 0.213333 0.120000
2 0.613333 0.362222 0.222222 0.120000
