2 0.522504 0.757500 0.158931 0.465000
2 0.684951 0.777500 0.210970 0.425000
2 0.383966 0.741250 0.165963 0.427500
2 0.276371 0.710000 0.161744 0.435000
2 0.180028 0.718750 0.149086 0.402500
2 0.423347 0.395000 0.120956 0.320000
2 0.528833 0.407500 0.132208 0.295000
2 0.666667 0.416250 0.151899 0.327500
2 0.675809 0.161250 0.113924 0.272500
2 0.557665 0.153750 0.119550 0.227500
2 0.396624 0.128750 0.129395 0.227500
2 0.279887 0.142500 0.123769 0.210000
2 0.312236 0.367500 0.112518 0.270000
2 0.222222 0.381250 0.126582 0.277500
