36 0.317500 0.403750 0.235000 0.257500
36 0.530000 0.368750 0.200000 0.222500
36 0.665000 0.503750 0.250000 0.232500
36 0.131250 0.315000 0.202500 0.195000
36 0.187500 0.155000 0.180000 0.185000
36 0.362500 0.206250 0.170000 0.172500
36 0.236250 0.573750 0.222500 0.242500
36 0.445000 0.613750 0.205000 0.217500
36 0.650000 0.676250 0.210000 0.227500
36 0.865000 0.543750 0.200000 0.207500
36 0.731250 0.308750 0.167500 0.192500
36 0.912500 0.375000 0.175000 0.195000
36 0.866250 0.755000 0.217500 0.245000
