36 0.314259 0.472500 0.174484 0.180000
36 0.408068 0.428750 0.155722 0.157500
36 0.484991 0.387500 0.166979 0.180000
36 0.543152 0.353750 0.140713 0.172500
36 0.254221 0.508750 0.159475 0.137500
36 0.182927 0.557500 0.189493 0.140000
36 0.103189 0.655000 0.191370 0.135000
36 0.270169 0.748750 0.251407 0.172500
36 0.454034 0.627500 0.202627 0.185000
36 0.590056 0.511250 0.208255 0.172500
36 0.749531 0.447500 0.196998 0.150000
36 0.881801 0.360000 0.198874 0.150000
36 0.913696 0.545000 0.172608 0.150000
36 0.767355 0.623750 0.213884 0.157500
36 0.639775 0.750000 0.247655 0.170000
36 0.441839 0.887500 0.253283 0.180000
36 0.106942 0.415000 0.180113 0.130000
36 0.234522 0.336250 0.217636 0.147500
36 0.381801 0.277500 0.155722 0.095000
36 0.519700 0.208750 0.161351 0.107500
36 0.668856 0.275000 0.174484 0.165000
36 0.756098 0.208750 0.240150 0.152500
