36 0.475610 0.427500 0.189493 0.265000
36 0.674484 0.397500 0.242026 0.315000
36 0.881801 0.580000 0.176360 0.235000
36 0.656660 0.653750 0.180113 0.197500
36 0.574109 0.881250 0.180113 0.227500
36 0.784240 0.880000 0.187617 0.230000
36 0.403377 0.725000 0.180113 0.225000
36 0.236398 0.587500 0.191370 0.245000
36 0.287992 0.330000 0.185741 0.260000
36 0.428705 0.147500 0.178236 0.225000
36 0.621013 0.091250 0.183865 0.167500
36 0.109756 0.145000 0.204503 0.225000
36 0.084428 0.407500 0.161351 0.215000
36 0.082552 0.767500 0.153846 0.225000
36 0.878987 0.320000 0.163227 0.250000
