36 0.289091 0.128415 0.163636 0.169399
36 0.258182 0.344262 0.174545 0.185792
36 0.220000 0.581967 0.214545 0.224044
36 0.209091 0.855191 0.214545 0.234973
36 0.449091 0.833333 0.207273 0.289617
36 0.490909 0.560109 0.203636 0.224044
36 0.481818 0.300546 0.163636 0.207650
36 0.492727 0.125683 0.156364 0.163934
36 0.707273 0.106557 0.149091 0.180328
36 0.707273 0.308743 0.163636 0.191257
36 0.718182 0.549180 0.185455 0.234973
36 0.732727 0.836066 0.185455 0.251366
36 0.909091 0.125683 0.152727 0.185792
36 0.916364 0.338798 0.152727 0.207650
36 0.938182 0.568306 0.123636 0.229508
36 0.943636 0.838798 0.112727 0.278689
36 0.074545 0.336066 0.141818 0.180328
36 0.069091 0.125683 0.130909 0.163934
