36 0.368333 0.575000 0.330000 0.220000
36 0.581667 0.505000 0.296667 0.230000
36 0.596667 0.368750 0.313333 0.197500
36 0.340000 0.401250 0.360000 0.197500
36 0.341667 0.217500 0.223333 0.150000
36 0.146667 0.298750 0.213333 0.147500
36 0.121667 0.468750 0.210000 0.177500
36 0.126667 0.676250 0.240000 0.207500
36 0.363333 0.798750 0.253333 0.232500
36 0.626667 0.693750 0.233333 0.202500
36 0.828333 0.351250 0.223333 0.147500
36 0.883333 0.512500 0.233333 0.185000
36 0.878333 0.717500 0.243333 0.260000
