36 0.188889 0.271111 0.235556 0.168889
36 0.417778 0.428889 0.231111 0.226667
36 0.175556 0.635556 0.297778 0.266667
36 0.495556 0.817778 0.351111 0.337778
36 0.691111 0.562222 0.280000 0.244444
36 0.857778 0.386667 0.231111 0.195556
36 0.613333 0.300000 0.204444 0.182222
36 0.411111 0.188889 0.200000 0.173333
36 0.528889 0.086667 0.160000 0.137778
36 0.702222 0.177778 0.168889 0.160000
36 0.900000 0.237778 0.200000 0.146667
36 0.655556 0.048889 0.128889 0.088889
36 0.806667 0.104444 0.182222 0.137778
