23 0.714869 0.638480 0.112745 0.174020
23 0.892974 0.515931 0.119281 0.169118
23 0.932190 0.779412 0.116013 0.176471
23 0.757353 0.916667 0.119281 0.166667
23 0.540850 0.784314 0.120915 0.176471
23 0.671569 0.384804 0.117647 0.176471
23 0.843954 0.261029 0.119281 0.174020
23 0.660131 0.118873 0.117647 0.178922
23 0.490196 0.240196 0.111111 0.181373
23 0.306373 0.125000 0.125817 0.176471
23 0.119281 0.265931 0.117647 0.178922
23 0.314542 0.383578 0.129085 0.174020
23 0.330065 0.648284 0.124183 0.193627
23 0.137255 0.526961 0.111111 0.176471
23 0.149510 0.781863 0.109477 0.166667
23 0.322712 0.906863 0.119281 0.176471
