2 0.721818 0.820652 0.250909 0.358696
2 0.489091 0.836957 0.229091 0.315217
2 0.163636 0.600543 0.240000 0.288043
2 0.236364 0.850543 0.276364 0.298913
2 0.405455 0.611413 0.221818 0.233696
2 0.452727 0.320652 0.185455 0.250000
2 0.727273 0.467391 0.174545 0.260870
2 0.769091 0.288043 0.192727 0.250000
2 0.610909 0.614130 0.218182 0.250000
2 0.887273 0.730978 0.225455 0.364130
2 0.232727 0.364130 0.174545 0.195652
2 0.070909 0.250000 0.134545 0.217391
2 0.416364 0.095109 0.141818 0.179348
2 0.594545 0.263587 0.156364 0.244565
2 0.732727 0.470109 0.178182 0.255435
2 0.889091 0.263587 0.141818 0.244565
