23 0.440154 0.141753 0.223938 0.242268
23 0.453668 0.327320 0.166023 0.180412
23 0.378378 0.456186 0.162162 0.190722
23 0.305019 0.615979 0.162162 0.201031
23 0.198842 0.536082 0.127413 0.216495
23 0.575290 0.786082 0.108108 0.262887
23 0.693050 0.837629 0.150579 0.170103
23 0.627413 0.603093 0.127413 0.175258
23 0.749035 0.688144 0.123552 0.170103
23 0.806950 0.551546 0.154440 0.175258
23 0.685328 0.474227 0.135135 0.185567
23 0.762548 0.335052 0.119691 0.195876
23 0.868726 0.420103 0.146718 0.211340
