23 0.694231 0.518041 0.173077 0.231959
23 0.678846 0.770619 0.226923 0.304124
23 0.888462 0.791237 0.215385 0.314433
23 0.882692 0.543814 0.188462 0.242268
23 0.878846 0.335052 0.165385 0.164948
23 0.684615 0.342784 0.161538 0.180412
23 0.838462 0.182990 0.169231 0.190722
23 0.380769 0.667526 0.176923 0.231959
23 0.223077 0.747423 0.207692 0.247423
23 0.278846 0.515464 0.165385 0.237113
23 0.419231 0.414948 0.161538 0.231959
23 0.428846 0.198454 0.165385 0.180412
23 0.301923 0.311856 0.173077 0.190722
23 0.311538 0.144330 0.146154 0.185567
