11 0.465719 0.672500 0.135452 0.170000
11 0.606187 0.656250 0.132107 0.157500
11 0.664716 0.747500 0.145485 0.175000
11 0.699833 0.882500 0.162207 0.190000
11 0.553512 0.906250 0.160535 0.177500
11 0.386288 0.911250 0.167224 0.167500
11 0.821070 0.817500 0.153846 0.190000
11 0.922241 0.735000 0.142140 0.195000
11 0.776756 0.687500 0.138796 0.155000
11 0.249164 0.875000 0.170569 0.195000
11 0.277592 0.721250 0.140468 0.152500
11 0.152174 0.805000 0.153846 0.195000
11 0.356187 0.630000 0.123746 0.155000
11 0.804348 0.590000 0.120401 0.150000
11 0.688127 0.573750 0.122074 0.142500
11 0.927258 0.535000 0.128763 0.130000
11 0.542642 0.582500 0.115385 0.155000
