11 0.274917 0.241250 0.177741 0.207500
11 0.414452 0.160000 0.154485 0.205000
11 0.568106 0.166250 0.152824 0.192500
11 0.701827 0.217500 0.181063 0.200000
11 0.833056 0.350000 0.207641 0.205000
11 0.636213 0.352500 0.192691 0.215000
11 0.834718 0.546250 0.240864 0.267500
11 0.756645 0.771250 0.257475 0.337500
11 0.622093 0.575000 0.227575 0.275000
11 0.475914 0.438750 0.151163 0.202500
11 0.480066 0.268750 0.176080 0.197500
11 0.340532 0.385000 0.176080 0.240000
11 0.171927 0.372500 0.184385 0.215000
11 0.184385 0.578750 0.225914 0.292500
11 0.398671 0.601250 0.232558 0.282500
11 0.503322 0.811250 0.275748 0.267500
11 0.250000 0.787500 0.260797 0.285000
