11 0.125000 0.280000 0.096667 0.095000
11 0.140833 0.331250 0.101667 0.097500
11 0.120833 0.392500 0.118333 0.100000
11 0.137500 0.476250 0.141667 0.132500
11 0.160000 0.566250 0.156667 0.162500
11 0.190833 0.688750 0.158333 0.212500
11 0.165833 0.883750 0.188333 0.232500
11 0.353333 0.878750 0.183333 0.227500
11 0.361667 0.690000 0.150000 0.195000
11 0.320833 0.555000 0.141667 0.170000
11 0.290833 0.463750 0.121667 0.137500
11 0.248333 0.402500 0.100000 0.135000
11 0.580833 0.862500 0.165000 0.245000
11 0.550000 0.658750 0.146667 0.202500
11 0.502500 0.565000 0.131667 0.180000
11 0.452500 0.475000 0.121667 0.160000
11 0.406667 0.396250 0.100000 0.137500
11 0.390000 0.345000 0.100000 0.135000
11 0.493333 0.331250 0.093333 0.117500
11 0.541667 0.395000 0.096667 0.135000
11 0.618333 0.463750 0.120000 0.157500
11 0.678333 0.550000 0.120000 0.175000
11 0.735833 0.680000 0.151667 0.220000
11 0.864167 0.861250 0.178333 0.237500
11 0.900000 0.638750 0.143333 0.192500
11 0.807500 0.528750 0.131667 0.162500
11 0.738333 0.431250 0.113333 0.122500
11 0.660000 0.368750 0.100000 0.127500
11 0.610000 0.300000 0.096667 0.110000
11 0.710833 0.285000 0.088333 0.085000
11 0.762500 0.337500 0.101667 0.105000
11 0.814167 0.393750 0.088333 0.122500
11 0.915000 0.473750 0.120000 0.137500
11 0.902500 0.358750 0.095000 0.117500
