11 0.464286 0.432500 0.117940 0.125000
11 0.372924 0.518750 0.124585 0.152500
11 0.612126 0.633750 0.134551 0.162500
11 0.599668 0.486250 0.122924 0.142500
11 0.446844 0.653750 0.139535 0.152500
11 0.271595 0.620000 0.144518 0.155000
11 0.310631 0.737500 0.149502 0.170000
11 0.222591 0.503750 0.136213 0.142500
11 0.284053 0.415000 0.139535 0.145000
11 0.390365 0.363750 0.122924 0.137500
11 0.496678 0.332500 0.116279 0.130000
11 0.607143 0.353750 0.127907 0.137500
11 0.691860 0.427500 0.107973 0.145000
11 0.776578 0.510000 0.131229 0.140000
11 0.772425 0.627500 0.139535 0.150000
11 0.715116 0.732500 0.141196 0.170000
