11 0.041588 0.197500 0.064272 0.150000
11 0.094518 0.205000 0.064272 0.130000
11 0.154064 0.210000 0.058601 0.135000
11 0.207940 0.203750 0.052930 0.137500
11 0.257089 0.192500 0.045369 0.150000
11 0.310964 0.190000 0.069943 0.155000
11 0.398866 0.201250 0.060491 0.137500
11 0.449905 0.183750 0.052930 0.147500
11 0.500000 0.188750 0.054820 0.137500
11 0.551985 0.193750 0.052930 0.147500
11 0.604915 0.203750 0.052930 0.127500
11 0.657845 0.198750 0.064272 0.167500
11 0.744802 0.183750 0.052930 0.132500
11 0.802457 0.187500 0.058601 0.150000
11 0.859168 0.181250 0.066163 0.142500
11 0.907372 0.167500 0.068053 0.145000
11 0.034972 0.352500 0.051040 0.140000
11 0.091682 0.346250 0.058601 0.147500
11 0.149338 0.353750 0.056711 0.147500
11 0.206994 0.351250 0.051040 0.152500
11 0.254253 0.348750 0.043478 0.147500
11 0.310019 0.352500 0.071834 0.165000
11 0.404537 0.345000 0.071834 0.140000
11 0.453686 0.341250 0.064272 0.147500
11 0.502836 0.343750 0.064272 0.152500
11 0.553875 0.343750 0.056711 0.142500
11 0.603970 0.342500 0.054820 0.150000
11 0.663516 0.346250 0.060491 0.137500
11 0.762760 0.335000 0.069943 0.145000
11 0.826087 0.323750 0.071834 0.152500
11 0.890359 0.322500 0.068053 0.140000
11 0.081285 0.558750 0.064272 0.162500
11 0.141777 0.578750 0.064272 0.147500
11 0.197543 0.566250 0.062382 0.147500
11 0.245747 0.590000 0.060491 0.155000
11 0.295841 0.591250 0.058601 0.157500
11 0.361059 0.590000 0.068053 0.170000
11 0.462193 0.563750 0.073724 0.137500
11 0.539698 0.632500 0.126654 0.145000
11 0.916824 0.587500 0.128544 0.160000
11 0.054820 0.726250 0.071834 0.167500
11 0.111531 0.733750 0.068053 0.167500
11 0.163516 0.726250 0.058601 0.167500
11 0.221172 0.730000 0.071834 0.155000
11 0.286389 0.737500 0.069943 0.155000
11 0.343100 0.745000 0.073724 0.155000
11 0.442344 0.726250 0.068053 0.167500
11 0.614367 0.761250 0.079395 0.172500
11 0.678639 0.600000 0.075614 0.165000
11 0.678639 0.757500 0.075614 0.165000
