11 0.470455 0.434932 0.113636 0.130137
11 0.288636 0.294521 0.113636 0.136986
11 0.379545 0.253425 0.104545 0.150685
11 0.481818 0.229452 0.109091 0.130137
11 0.193182 0.352740 0.122727 0.130137
11 0.275000 0.626712 0.150000 0.157534
11 0.445455 0.654110 0.127273 0.143836
11 0.613636 0.630137 0.136364 0.150685
11 0.777273 0.626712 0.118182 0.171233
11 0.695455 0.424658 0.109091 0.136986
11 0.795455 0.880137 0.145455 0.198630
11 0.793182 0.363014 0.104545 0.136986
11 0.370455 0.517123 0.122727 0.157534
11 0.100000 0.647260 0.145455 0.184932
11 0.368182 0.910959 0.154545 0.178082
