2 0.47413799999999995 0.64625 0.250958 0.2975
2 0.31705000000000005 0.8375 0.300766 0.28
2 0.136015 0.66 0.229885 0.315
2 0.613027 0.45125 0.229885 0.2675
2 0.345785 0.47375 0.224138 0.2525
2 0.741379 0.8125 0.306513 0.305
2 0.826628 0.5825 0.258621 0.31
2 0.89751 0.33625 0.14751 0.2425
2 0.705939 0.2875 0.204981 0.24
2 0.511494 0.27375 0.199234 0.2125
2 0.36973199999999995 0.185 0.183908 0.225
2 0.238506 0.33125 0.220307 0.2325
2 0.19061300000000003 0.20125 0.185824 0.2125
2 0.655172 0.14 0.191571 0.175
2 0.831418 0.1425 0.187739 0.195
2 0.49712599999999996 0.10125 0.178161 0.1375
