2 0.47749600000000003 0.7575 0.158931 0.465
2 0.315049 0.7775 0.21097 0.425
2 0.616034 0.74125 0.165963 0.4275
2 0.7236290000000001 0.71 0.161744 0.435
2 0.819972 0.71875 0.149086 0.4025
2 0.5766530000000001 0.395 0.120956 0.32
2 0.471167 0.4075 0.132208 0.295
2 0.333333 0.41625 0.151899 0.3275
2 0.324191 0.16125 0.113924 0.2725
2 0.44233500000000003 0.15375 0.11955 0.2275
2 0.603376 0.12875 0.129395 0.2275
2 0.720113 0.1425 0.123769 0.21
2 0.687764 0.3675 0.112518 0.27
2 0.777778 0.38125 0.126582 0.2775
