2 0.290875 0.723958 0.163498 0.208333
2 0.46958200000000005 0.755208 0.201521 0.197917
2 0.640684 0.752604 0.163498 0.192708
2 0.5760460000000001 0.609375 0.186312 0.177083
2 0.515209 0.476562 0.163498 0.182292
2 0.678707 0.440104 0.163498 0.203125
2 0.739544 0.518229 0.171103 0.223958
2 0.760456 0.648438 0.174905 0.213542
2 0.39163499999999996 0.567708 0.174905 0.21875
2 0.222433 0.604167 0.163498 0.208333
2 0.26615999999999995 0.476562 0.152091 0.192708
2 0.36882099999999995 0.380208 0.159696 0.208333
2 0.520913 0.317708 0.235741 0.1875
