2 0.615556 0.568889 0.2 0.115556
2 0.16222199999999998 0.815556 0.235556 0.12
2 0.39333300000000004 0.797778 0.235556 0.137778
2 0.386667 0.26 0.213333 0.146667
2 0.6177779999999999 0.264444 0.222222 0.128889
2 0.817778 0.251111 0.222222 0.137778
2 0.8311109999999999 0.351111 0.222222 0.124444
2 0.824444 0.568889 0.226667 0.133333
2 0.842222 0.686667 0.244444 0.146667
2 0.848889 0.797778 0.222222 0.128889
2 0.626667 0.795556 0.231111 0.142222
2 0.16000000000000003 0.704444 0.231111 0.12
2 0.16444400000000003 0.517778 0.222222 0.137778
2 0.615556 0.677778 0.217778 0.111111
2 0.391111 0.691111 0.231111 0.128889
2 0.4 0.573333 0.231111 0.133333
2 0.38 0.46 0.217778 0.111111
2 0.17555600000000005 0.244444 0.226667 0.106667
2 0.16444400000000003 0.337778 0.231111 0.106667
2 0.15555600000000003 0.431111 0.24 0.097778
2 0.22222200000000003 0.611111 0.213333 0.12
2 0.8 0.462222 0.231111 0.133333
2 0.5800000000000001 0.471111 0.226667 0.142222
2 0.622222 0.366667 0.213333 0.12
2 0.386667 0.362222 0.222222 0.12
