2 0.516364 0.418033 0.181818 0.289617
2 0.31999999999999995 0.431694 0.189091 0.31694
2 0.11636400000000002 0.448087 0.232727 0.327869
2 0.11090900000000004 0.737705 0.221818 0.349727
2 0.30000000000000004 0.70765 0.214545 0.355191
2 0.494545 0.70765 0.189091 0.355191
2 0.687273 0.713115 0.203636 0.36612
2 0.894545 0.724044 0.203636 0.355191
2 0.887273 0.407104 0.203636 0.256831
2 0.86 0.188525 0.192727 0.245902
2 0.669091 0.191257 0.189091 0.251366
2 0.496364 0.193989 0.185455 0.224044
2 0.31818199999999996 0.196721 0.185455 0.262295
2 0.13454500000000003 0.218579 0.203636 0.295082
