2 0.37777799999999995 0.606667 0.24 0.244444
2 0.171111 0.613333 0.208889 0.24
2 0.16444400000000003 0.4 0.222222 0.231111
2 0.36666699999999997 0.382222 0.235556 0.231111
2 0.27777799999999997 0.793333 0.28 0.208889
2 0.5533330000000001 0.804444 0.306667 0.204444
2 0.604444 0.622222 0.222222 0.257778
2 0.795556 0.624444 0.195556 0.235556
2 0.791111 0.393333 0.204444 0.28
2 0.5800000000000001 0.384444 0.235556 0.271111
2 0.47777800000000004 0.186667 0.208889 0.195556
2 0.244444 0.2 0.24 0.213333
2 0.688889 0.202222 0.231111 0.191111
