2 0.484444 0.531111 0.373333 0.324444
2 0.12888900000000003 0.735556 0.257778 0.368889
2 0.386667 0.828889 0.364444 0.342222
2 0.7422219999999999 0.811111 0.355556 0.333333
2 0.873333 0.593333 0.244444 0.368889
2 0.74 0.366667 0.36 0.306667
2 0.24888900000000003 0.377778 0.355556 0.311111
2 0.513333 0.228889 0.324444 0.271111
2 0.7688889999999999 0.128889 0.293333 0.248889
2 0.233333 0.131111 0.306667 0.244444
2 0.515556 0.077778 0.284444 0.146667
2 0.08222200000000002 0.288889 0.164444 0.24
2 0.92 0.3 0.151111 0.262222
