2 0.396667 0.77381 0.173333 0.309524
2 0.20333299999999999 0.729167 0.193333 0.339286
2 0.05666700000000002 0.803571 0.113333 0.369048
2 0.19166700000000003 0.470238 0.176667 0.261905
2 0.376667 0.482143 0.166667 0.25
2 0.35666699999999996 0.294643 0.133333 0.184524
2 0.20166700000000004 0.166667 0.13 0.190476
2 0.223333 0.315476 0.146667 0.178571
2 0.07166700000000004 0.282738 0.143333 0.208333
2 0.07166700000000004 0.139881 0.143333 0.184524
2 0.34166700000000005 0.142857 0.13 0.178571
2 0.64 0.553571 0.16 0.261905
2 0.808333 0.639881 0.183333 0.291667
2 0.941667 0.639881 0.11 0.279762
2 0.563333 0.375 0.133333 0.202381
2 0.755 0.196429 0.116667 0.166667
2 0.876667 0.261905 0.133333 0.178571
2 0.946667 0.369048 0.1 0.166667
2 0.63 0.214286 0.106667 0.178571
2 0.5549999999999999 0.247024 0.123333 0.14881
