2 0.27818200000000004 0.820652 0.250909 0.358696
2 0.5109090000000001 0.836957 0.229091 0.315217
2 0.836364 0.600543 0.24 0.288043
2 0.763636 0.850543 0.276364 0.298913
2 0.594545 0.611413 0.221818 0.233696
2 0.547273 0.320652 0.185455 0.25
2 0.27272700000000005 0.467391 0.174545 0.26087
2 0.23090900000000003 0.288043 0.192727 0.25
2 0.38909099999999996 0.61413 0.218182 0.25
2 0.11272700000000002 0.730978 0.225455 0.36413
2 0.767273 0.36413 0.174545 0.195652
2 0.929091 0.25 0.134545 0.217391
2 0.583636 0.095109 0.141818 0.179348
2 0.405455 0.263587 0.156364 0.244565
2 0.267273 0.470109 0.178182 0.255435
2 0.11090900000000004 0.263587 0.141818 0.244565
