2 0.286517 0.5475 0.230337 0.365
2 0.09410099999999999 0.51 0.188202 0.34
2 0.18960699999999997 0.8425 0.30618 0.315
2 0.46769700000000003 0.8575 0.283708 0.285
2 0.699438 0.6875 0.258427 0.435
2 0.6783710000000001 0.3825 0.210674 0.285
2 0.501404 0.505 0.199438 0.37
2 0.40730299999999997 0.2825 0.179775 0.285
2 0.20365200000000006 0.2325 0.19382 0.275
2 0.5674159999999999 0.215 0.179775 0.25
2 0.73736 0.205 0.205056 0.26
2 0.47331500000000004 0.09 0.154494 0.17
2 0.23455099999999995 0.0775 0.154494 0.145
2 0.907303 0.775 0.179775 0.45
