2 0.31999999999999995 0.735556 0.257778 0.262222
2 0.582222 0.897778 0.302222 0.195556
2 0.8200000000000001 0.811111 0.306667 0.297778
2 0.782222 0.54 0.266667 0.28
2 0.5533330000000001 0.591111 0.235556 0.257778
2 0.18888899999999997 0.566667 0.271111 0.262222
2 0.38888900000000004 0.455556 0.253333 0.244444
2 0.275556 0.328889 0.257778 0.213333
2 0.088889 0.437778 0.177778 0.217778
2 0.10888900000000001 0.248889 0.217778 0.204444
2 0.264444 0.14 0.217778 0.217778
2 0.422222 0.226667 0.222222 0.231111
2 0.551111 0.351111 0.248889 0.222222
2 0.693333 0.22 0.248889 0.253333
2 0.8311109999999999 0.355556 0.275556 0.248889
2 0.548889 0.122222 0.226667 0.2
