18 0.5177780000000001 0.14 0.164444 0.182222
18 0.322222 0.173333 0.155556 0.177778
18 0.15777799999999997 0.32 0.164444 0.195556
18 0.11777800000000005 0.517778 0.146667 0.173333
18 0.202222 0.706667 0.164444 0.168889
18 0.437778 0.582222 0.173333 0.16
18 0.548889 0.411111 0.173333 0.2
18 0.353333 0.4 0.191111 0.186667
18 0.691111 0.253333 0.173333 0.186667
18 0.764444 0.444444 0.177778 0.177778
18 0.724444 0.635556 0.195556 0.195556
18 0.584444 0.777778 0.182222 0.204444
18 0.375556 0.8 0.155556 0.177778
