18 0.488889 0.135556 0.115556 0.146667
18 0.5911109999999999 0.266667 0.097778 0.115556
18 0.691111 0.395556 0.128889 0.124444
18 0.8 0.548889 0.124444 0.146667
18 0.622222 0.631111 0.142222 0.168889
18 0.49777800000000005 0.48 0.133333 0.151111
18 0.391111 0.333333 0.133333 0.16
18 0.31999999999999995 0.204444 0.124444 0.133333
18 0.15777799999999997 0.266667 0.155556 0.142222
18 0.233333 0.402222 0.146667 0.137778
18 0.311111 0.551111 0.142222 0.168889
18 0.40888899999999995 0.735556 0.151111 0.182222
