0 0.175556 0.095982 0.324444 0.183036
1 0.504444 0.176339 0.128889 0.058036
2 0.780000 0.209821 0.084444 0.035714
3 0.346667 0.296875 0.177778 0.066964
4 0.651111 0.319196 0.217778 0.084821
5 0.237778 0.444196 0.262222 0.138393
6 0.617778 0.479911 0.186667 0.111607
7 0.504444 0.687500 0.111111 0.125000
8 0.893333 0.593750 0.088889 0.107143
9 0.142222 0.671875 0.133333 0.147321
9 0.306667 0.584821 0.097778 0.080357
10 0.706667 0.763393 0.124444 0.080357
11 0.360000 0.830357 0.097778 0.098214
12 0.860000 0.325893 0.066667 0.080357
13 0.917778 0.457589 0.137778 0.102679
14 0.688889 0.645089 0.062222 0.040179
15 0.882222 0.750000 0.111111 0.107143
16 0.797778 0.872768 0.182222 0.058036
17 0.442222 0.493304 0.084444 0.075893
18 0.051111 0.453125 0.031111 0.058036
19 0.115556 0.261161 0.124444 0.066964
19 0.140000 0.332589 0.066667 0.013393
20 0.433333 0.575893 0.093333 0.026786
