27 0.328804 0.084249 0.288043 0.161172
27 0.361413 0.124542 0.277174 0.161172
27 0.429348 0.170330 0.293478 0.157509
27 0.475543 0.223443 0.288043 0.175824
27 0.505435 0.252747 0.293478 0.146520
27 0.562500 0.289377 0.288043 0.175824
27 0.633152 0.320513 0.255435 0.150183
27 0.326087 0.761905 0.206522 0.102564
27 0.241848 0.750916 0.211957 0.131868
27 0.187500 0.747253 0.244565 0.146520
27 0.125000 0.730769 0.206522 0.172161
27 0.089674 0.699634 0.168478 0.175824
27 0.875000 0.472527 0.184783 0.139194
