27 0.391667 0.711250 0.170000 0.112500
27 0.553333 0.735000 0.180000 0.120000
27 0.668333 0.662500 0.156667 0.145000
27 0.535000 0.243750 0.163333 0.142500
27 0.358333 0.277500 0.203333 0.130000
27 0.243333 0.238750 0.153333 0.107500
27 0.221667 0.353750 0.123333 0.117500
27 0.230000 0.456250 0.160000 0.117500
27 0.218333 0.507500 0.143333 0.100000
27 0.233333 0.577500 0.146667 0.130000
27 0.260000 0.642500 0.120000 0.110000
27 0.236667 0.688750 0.153333 0.102500
27 0.293333 0.773750 0.220000 0.137500
27 0.438333 0.805000 0.196667 0.130000
27 0.586667 0.835000 0.180000 0.125000
27 0.236667 0.815000 0.166667 0.120000
27 0.660000 0.347500 0.173333 0.150000
27 0.658333 0.201250 0.143333 0.107500
27 0.683333 0.265000 0.153333 0.130000
27 0.705000 0.457500 0.176667 0.120000
27 0.743333 0.558750 0.146667 0.137500
27 0.745000 0.818750 0.196667 0.107500
27 0.723333 0.763750 0.166667 0.087500
