27 0.500000 0.612500 0.160000 0.090000
27 0.526667 0.647500 0.140000 0.095000
27 0.625000 0.621250 0.110000 0.077500
27 0.655000 0.672500 0.123333 0.070000
27 0.761667 0.650000 0.143333 0.090000
27 0.735000 0.617500 0.090000 0.095000
27 0.608333 0.602500 0.130000 0.080000
27 0.795000 0.521250 0.170000 0.072500
27 0.693333 0.501250 0.180000 0.067500
27 0.846667 0.501250 0.180000 0.067500
27 0.468333 0.817500 0.130000 0.140000
27 0.520000 0.756250 0.146667 0.102500
27 0.386667 0.728750 0.126667 0.097500
27 0.341667 0.780000 0.136667 0.115000
27 0.231667 0.746250 0.163333 0.112500
27 0.165000 0.795000 0.170000 0.145000
27 0.270000 0.832500 0.213333 0.145000
