27 0.212644 0.153979 0.137931 0.093426
27 0.333333 0.124567 0.195402 0.096886
27 0.577586 0.382353 0.097701 0.051903
27 0.620690 0.337370 0.091954 0.051903
27 0.735632 0.370242 0.137931 0.041522
27 0.850575 0.396194 0.126437 0.065744
27 0.816092 0.442907 0.114943 0.069204
27 0.695402 0.410035 0.126437 0.065744
27 0.922414 0.861592 0.120690 0.062284
27 0.879310 0.894464 0.103448 0.058824
27 0.787356 0.866782 0.091954 0.058824
27 0.721264 0.880623 0.097701 0.065744
27 0.643678 0.870242 0.091954 0.065744
