27 0.410714 0.833333 0.630952 0.260000
27 0.797619 0.681667 0.404762 0.223333
27 0.434524 0.273333 0.404762 0.260000
27 0.303571 0.288333 0.321429 0.223333
27 0.196429 0.330000 0.309524 0.240000
27 0.449405 0.416667 0.458333 0.146667
27 0.705357 0.215000 0.470238 0.256667
27 0.785714 0.261667 0.428571 0.196667
27 0.821429 0.326667 0.357143 0.200000
27 0.327381 0.771667 0.559524 0.310000
27 0.306548 0.691667 0.553571 0.310000
27 0.238095 0.633333 0.464286 0.293333
27 0.214286 0.578333 0.404762 0.263333
27 0.467262 0.425000 0.410714 0.136667
27 0.559524 0.515000 0.630952 0.236667
27 0.627976 0.566667 0.660714 0.253333
27 0.705357 0.641667 0.589286 0.256667
