27 0.380000 0.736250 0.213333 0.107500
27 0.525000 0.745000 0.216667 0.150000
27 0.675000 0.668750 0.176667 0.142500
27 0.583333 0.848750 0.220000 0.122500
27 0.736667 0.773750 0.213333 0.127500
27 0.326667 0.287500 0.180000 0.140000
27 0.515000 0.241250 0.230000 0.157500
27 0.645000 0.192500 0.190000 0.145000
27 0.670000 0.256250 0.206667 0.142500
27 0.651667 0.345000 0.203333 0.165000
27 0.660000 0.493750 0.173333 0.117500
27 0.738333 0.565000 0.263333 0.175000
27 0.291667 0.802500 0.230000 0.115000
27 0.206667 0.837500 0.240000 0.160000
27 0.208333 0.466250 0.183333 0.127500
27 0.203333 0.582500 0.180000 0.115000
27 0.253333 0.682500 0.213333 0.180000
27 0.376667 0.720000 0.206667 0.120000
