27 0.380863 0.325000 0.285178 0.360000
27 0.477486 0.662500 0.377111 0.555000
27 0.629456 0.757500 0.463415 0.485000
27 0.842402 0.723750 0.315197 0.417500
27 0.262664 0.782500 0.390244 0.435000
27 0.147280 0.460000 0.287054 0.365000
27 0.200750 0.243750 0.322702 0.272500
27 0.579737 0.211250 0.292683 0.272500
27 0.631332 0.456250 0.410882 0.427500
27 0.892120 0.425000 0.215760 0.405000
27 0.762664 0.240000 0.302064 0.365000
27 0.552533 0.085000 0.257036 0.165000
27 0.382739 0.103750 0.255159 0.202500
27 0.184803 0.125000 0.309568 0.245000
27 0.094747 0.661250 0.185741 0.507500
