27 0.090385 0.672680 0.173077 0.479381
27 0.182692 0.762887 0.142308 0.474227
27 0.313462 0.768041 0.142308 0.453608
27 0.450000 0.778351 0.161538 0.443299
27 0.588462 0.757732 0.130769 0.453608
27 0.713462 0.773196 0.157692 0.443299
27 0.826923 0.757732 0.146154 0.484536
27 0.105769 0.237113 0.142308 0.443299
27 0.215385 0.262887 0.107692 0.412371
27 0.338462 0.257732 0.153846 0.412371
27 0.444231 0.252577 0.150000 0.463918
27 0.563462 0.273196 0.134615 0.402062
27 0.678846 0.252577 0.142308 0.402062
27 0.798077 0.273196 0.119231 0.412371
27 0.900000 0.273196 0.176923 0.443299
