27 0.338182 0.314208 0.283636 0.300546
27 0.269091 0.453552 0.320000 0.251366
27 0.285455 0.576503 0.330909 0.267760
27 0.349091 0.713115 0.232727 0.344262
27 0.394545 0.773224 0.229091 0.398907
27 0.538182 0.822404 0.218182 0.355191
27 0.596364 0.770492 0.218182 0.349727
27 0.700000 0.707650 0.229091 0.333333
27 0.743636 0.603825 0.309091 0.202186
27 0.718182 0.494536 0.287273 0.245902
27 0.705455 0.330601 0.225455 0.267760
27 0.672727 0.210383 0.218182 0.278689
27 0.583636 0.163934 0.112727 0.316940
27 0.474545 0.202186 0.221818 0.327869
27 0.394545 0.218579 0.272727 0.349727
