27 0.355000 0.440000 0.330000 0.150000
27 0.403333 0.372500 0.266667 0.190000
27 0.466667 0.307500 0.280000 0.240000
27 0.615000 0.356250 0.263333 0.222500
27 0.265000 0.508750 0.336667 0.167500
27 0.223333 0.621250 0.320000 0.217500
27 0.380000 0.688750 0.206667 0.212500
27 0.466667 0.630000 0.206667 0.195000
27 0.526667 0.720000 0.280000 0.230000
27 0.763333 0.661250 0.280000 0.232500
27 0.800000 0.453750 0.260000 0.202500
27 0.595000 0.487500 0.290000 0.180000
27 0.618333 0.583750 0.296667 0.197500
