27 0.546729 0.286017 0.140187 0.173729
27 0.623832 0.332627 0.172897 0.148305
27 0.742991 0.341102 0.158879 0.207627
27 0.544393 0.139831 0.135514 0.161017
27 0.619159 0.175847 0.135514 0.199153
27 0.696262 0.205508 0.130841 0.207627
27 0.780374 0.201271 0.158879 0.190678
27 0.880841 0.258475 0.154206 0.169492
27 0.834112 0.644068 0.257009 0.135593
27 0.876168 0.690678 0.238318 0.118644
27 0.670561 0.832627 0.210280 0.182203
27 0.789720 0.811441 0.121495 0.156780
27 0.588785 0.807203 0.224299 0.122881
