27 0.360233 0.477500 0.251248 0.240000
27 0.503328 0.347500 0.257903 0.285000
27 0.585691 0.526250 0.236273 0.312500
27 0.490017 0.637500 0.198003 0.275000
27 0.259567 0.648750 0.202995 0.337500
27 0.408486 0.761250 0.161398 0.347500
27 0.569884 0.740000 0.201331 0.330000
27 0.602329 0.826250 0.236273 0.327500
27 0.110649 0.571250 0.211314 0.292500
27 0.186356 0.421250 0.196339 0.342500
27 0.277870 0.328750 0.242928 0.282500
27 0.800333 0.553750 0.179700 0.312500
27 0.644759 0.215000 0.178037 0.260000
27 0.707155 0.272500 0.166389 0.235000
27 0.362729 0.127500 0.126456 0.185000
27 0.316972 0.171250 0.121464 0.157500
