27 0.418333 0.376250 0.270000 0.227500
27 0.382500 0.507500 0.328333 0.205000
27 0.416667 0.640000 0.320000 0.270000
27 0.480000 0.745000 0.246667 0.380000
27 0.544167 0.567500 0.185000 0.175000
27 0.533333 0.520000 0.193333 0.210000
27 0.610833 0.471250 0.175000 0.262500
27 0.531667 0.372500 0.173333 0.250000
27 0.487500 0.321250 0.208333 0.312500
27 0.564167 0.295000 0.148333 0.340000
27 0.641667 0.335000 0.130000 0.415000
27 0.748333 0.421250 0.230000 0.292500
27 0.747500 0.597500 0.248333 0.300000
27 0.640833 0.638750 0.215000 0.272500
27 0.621667 0.803750 0.226667 0.297500
