27 0.357778 0.288889 0.120000 0.088889
27 0.466667 0.284444 0.142222 0.080000
27 0.364444 0.222222 0.124444 0.071111
27 0.468889 0.206667 0.137778 0.075556
27 0.368889 0.157778 0.133333 0.102222
27 0.475556 0.135556 0.142222 0.075556
27 0.477778 0.084444 0.146667 0.106667
27 0.353333 0.088889 0.111111 0.097778
27 0.635556 0.295556 0.088889 0.102222
27 0.704444 0.315556 0.111111 0.106667
27 0.735556 0.244444 0.102222 0.115556
27 0.662222 0.197778 0.097778 0.120000
27 0.733333 0.148889 0.124444 0.128889
27 0.633333 0.104444 0.102222 0.146667
27 0.726667 0.066667 0.111111 0.124444
