27 0.784483 0.933908 0.148276 0.132184
27 0.813793 0.750000 0.117241 0.120690
27 0.572414 0.500000 0.075862 0.114943
27 0.217241 0.870690 0.124138 0.143678
27 0.293103 0.931034 0.103448 0.137931
27 0.396552 0.925287 0.117241 0.149425
27 0.512069 0.925287 0.141379 0.149425
27 0.637931 0.928161 0.137931 0.143678
27 0.687931 0.867816 0.162069 0.137931
27 0.527586 0.655172 0.110345 0.103448
27 0.584483 0.683908 0.127586 0.149425
27 0.632759 0.617816 0.127586 0.120690
27 0.674138 0.681034 0.100000 0.155172
27 0.765517 0.623563 0.124138 0.109195
27 0.887931 0.695402 0.196552 0.149425
27 0.765517 0.428161 0.124138 0.120690
27 0.822414 0.468391 0.093103 0.178161
27 0.858621 0.545977 0.096552 0.137931
27 0.894828 0.574713 0.086207 0.183908
27 0.494828 0.545977 0.113793 0.126437
27 0.458621 0.620690 0.103448 0.126437
27 0.381034 0.681034 0.127586 0.132184
27 0.308621 0.637931 0.127586 0.137931
27 0.127586 0.695402 0.110345 0.195402
27 0.141379 0.571839 0.131034 0.155172
27 0.213793 0.649425 0.117241 0.114943
27 0.234483 0.459770 0.089655 0.126437
27 0.296552 0.408046 0.082759 0.149425
27 0.387931 0.393678 0.079310 0.132184
27 0.470690 0.410920 0.106897 0.189655
27 0.563793 0.367816 0.072414 0.137931
27 0.663793 0.364943 0.072414 0.143678
