27 0.330986 0.196250 0.315895 0.117500
27 0.640845 0.177500 0.331992 0.130000
27 0.637827 0.272500 0.378270 0.130000
27 0.307847 0.281250 0.334004 0.122500
27 0.272636 0.341250 0.243461 0.102500
27 0.270624 0.430000 0.251509 0.150000
27 0.277666 0.511250 0.245473 0.087500
27 0.261569 0.580000 0.253521 0.105000
27 0.277666 0.657500 0.229376 0.105000
27 0.326962 0.757500 0.340040 0.140000
27 0.301811 0.816250 0.329980 0.122500
27 0.647887 0.817500 0.346076 0.140000
27 0.665996 0.745000 0.350101 0.150000
27 0.691147 0.672500 0.211268 0.135000
27 0.693159 0.590000 0.195171 0.105000
27 0.701207 0.510000 0.219316 0.150000
27 0.695171 0.433750 0.219316 0.107500
27 0.687123 0.362500 0.219316 0.110000
