27 0.203810 0.276250 0.251429 0.262500
27 0.197143 0.430000 0.268571 0.250000
27 0.172381 0.553750 0.310476 0.242500
27 0.180000 0.732500 0.314286 0.275000
27 0.334286 0.803750 0.253333 0.392500
27 0.515238 0.807500 0.238095 0.355000
27 0.684762 0.805000 0.291429 0.355000
27 0.792381 0.727500 0.312381 0.400000
27 0.851429 0.618750 0.247619 0.332500
27 0.846667 0.436250 0.264762 0.252500
27 0.826667 0.293750 0.236190 0.142500
27 0.792381 0.191250 0.201905 0.217500
27 0.698095 0.173750 0.188571 0.232500
27 0.588571 0.158750 0.140952 0.242500
27 0.490476 0.136250 0.161905 0.227500
27 0.395238 0.152500 0.146667 0.225000
27 0.314286 0.171250 0.171429 0.242500
27 0.442857 0.233750 0.219048 0.232500
27 0.545714 0.398750 0.196190 0.262500
27 0.583810 0.590000 0.257143 0.275000
27 0.371429 0.480000 0.179048 0.270000
