27 0.324578 0.313750 0.206379 0.212500
27 0.311445 0.440000 0.198874 0.155000
27 0.314259 0.550000 0.196998 0.165000
27 0.339587 0.666250 0.213884 0.187500
27 0.395872 0.752500 0.176360 0.255000
27 0.461538 0.562500 0.262664 0.255000
27 0.493433 0.693750 0.165103 0.247500
27 0.518762 0.865000 0.208255 0.185000
27 0.638837 0.787500 0.163227 0.250000
27 0.667917 0.695000 0.165103 0.290000
27 0.767355 0.725000 0.153846 0.250000
27 0.827392 0.620000 0.176360 0.310000
27 0.727955 0.570000 0.172608 0.195000
27 0.807692 0.451250 0.196998 0.217500
27 0.677298 0.401250 0.183865 0.217500
27 0.771107 0.332500 0.150094 0.245000
27 0.696060 0.318750 0.176360 0.257500
27 0.596623 0.251250 0.157598 0.222500
27 0.594747 0.370000 0.198874 0.235000
27 0.494371 0.348750 0.155722 0.222500
27 0.550657 0.481250 0.223265 0.282500
27 0.498124 0.197500 0.174484 0.215000
27 0.433396 0.248750 0.165103 0.242500
