27 0.317778 0.397778 0.297778 0.235556
27 0.517778 0.522222 0.280000 0.306667
27 0.713333 0.408889 0.368889 0.266667
27 0.833333 0.731111 0.333333 0.413333
27 0.891111 0.546667 0.217778 0.231111
27 0.313333 0.291111 0.377778 0.244444
27 0.511111 0.222222 0.168889 0.275556
27 0.662222 0.268889 0.213333 0.235556
27 0.880000 0.164444 0.240000 0.195556
27 0.735556 0.117778 0.182222 0.208889
27 0.602222 0.108889 0.191111 0.208889
27 0.488889 0.111111 0.257778 0.213333
27 0.277778 0.111111 0.217778 0.195556
27 0.155556 0.188889 0.240000 0.164444
27 0.091111 0.311111 0.173333 0.142222
27 0.102222 0.446667 0.195556 0.173333
27 0.144444 0.611111 0.271111 0.324444
27 0.622222 0.755556 0.311111 0.222222
