27 0.399625 0.391250 0.135084 0.167500
27 0.515009 0.401250 0.140713 0.162500
27 0.458724 0.476250 0.140713 0.142500
27 0.358349 0.481250 0.116323 0.132500
27 0.691370 0.441250 0.163227 0.227500
27 0.772045 0.361250 0.200750 0.202500
27 0.910882 0.421250 0.170732 0.237500
27 0.370544 0.752500 0.133208 0.215000
27 0.445591 0.688750 0.110694 0.232500
27 0.535647 0.650000 0.148218 0.170000
27 0.530019 0.777500 0.151970 0.185000
27 0.216698 0.745000 0.114447 0.185000
27 0.154784 0.662500 0.129456 0.205000
27 0.066604 0.690000 0.125704 0.235000
27 0.232645 0.438750 0.093809 0.207500
27 0.155722 0.415000 0.112570 0.170000
27 0.074109 0.447500 0.106942 0.220000
27 0.715760 0.680000 0.140713 0.245000
27 0.814259 0.726250 0.198874 0.267500
27 0.913696 0.688750 0.172608 0.267500
