27 0.240000 0.357143 0.226667 0.226190
27 0.416667 0.482143 0.213333 0.285714
27 0.380000 0.675595 0.280000 0.315476
27 0.328333 0.836310 0.283333 0.291667
27 0.130000 0.613095 0.220000 0.261905
27 0.208333 0.488095 0.230000 0.309524
27 0.098333 0.791667 0.190000 0.333333
27 0.213333 0.916667 0.266667 0.166667
27 0.065000 0.434524 0.123333 0.333333
27 0.645000 0.214286 0.143333 0.214286
27 0.751667 0.247024 0.130000 0.208333
27 0.880000 0.273810 0.146667 0.261905
27 0.745000 0.422619 0.176667 0.238095
27 0.846667 0.383929 0.133333 0.267857
27 0.935000 0.523810 0.130000 0.238095
27 0.955000 0.392857 0.090000 0.190476
27 0.968333 0.267857 0.063333 0.142857
