27 0.608108 0.134021 0.096525 0.144330
27 0.791506 0.796392 0.162162 0.242268
27 0.843629 0.737113 0.181467 0.268041
27 0.913127 0.626289 0.173745 0.273196
27 0.584942 0.631443 0.150579 0.211340
27 0.384170 0.757732 0.104247 0.206186
27 0.442085 0.731959 0.081081 0.175258
27 0.171815 0.603093 0.150579 0.237113
27 0.110039 0.554124 0.127413 0.211340
27 0.749035 0.255155 0.092664 0.128866
27 0.214286 0.255155 0.057915 0.170103
27 0.260618 0.286082 0.073359 0.149485
27 0.305019 0.275773 0.092664 0.159794
27 0.357143 0.278351 0.081081 0.154639
27 0.426641 0.273196 0.104247 0.164948
