27 0.478333 0.490000 0.130000 0.065000
27 0.511667 0.542500 0.096667 0.075000
27 0.605000 0.521250 0.110000 0.082500
27 0.650000 0.575000 0.160000 0.105000
27 0.743333 0.546250 0.126667 0.092500
27 0.705000 0.486250 0.103333 0.072500
27 0.593333 0.462500 0.080000 0.065000
27 0.393333 0.660000 0.133333 0.105000
27 0.508333 0.703750 0.130000 0.102500
27 0.480000 0.798750 0.140000 0.117500
27 0.350000 0.723750 0.140000 0.107500
27 0.281667 0.808750 0.136667 0.117500
27 0.176667 0.758750 0.133333 0.107500
27 0.226667 0.667500 0.140000 0.100000
27 0.781667 0.351250 0.156667 0.067500
27 0.810000 0.335000 0.200000 0.065000
27 0.668333 0.302500 0.143333 0.075000
