27 0.226592 0.357500 0.314607 0.430000
27 0.211610 0.602500 0.333333 0.455000
27 0.413858 0.660000 0.209738 0.420000
27 0.364232 0.875000 0.342697 0.250000
27 0.137640 0.873750 0.230337 0.252500
27 0.501873 0.413750 0.243446 0.427500
27 0.588951 0.592500 0.421348 0.285000
27 0.546816 0.763750 0.310861 0.437500
27 0.735019 0.361250 0.267790 0.387500
27 0.661049 0.497500 0.325843 0.385000
27 0.599251 0.653750 0.374532 0.307500
27 0.871723 0.742500 0.252809 0.455000
27 0.756554 0.865000 0.325843 0.270000
27 0.855805 0.176250 0.168539 0.347500
27 0.908240 0.265000 0.183521 0.370000
27 0.882959 0.420000 0.200375 0.365000
27 0.603933 0.151250 0.170412 0.297500
27 0.762172 0.131250 0.187266 0.257500
27 0.454120 0.121250 0.338951 0.237500
27 0.256554 0.133750 0.284644 0.262500
27 0.074906 0.390000 0.146067 0.365000
27 0.096442 0.602500 0.189139 0.385000
27 0.436330 0.236250 0.258427 0.362500
