27 0.175000 0.226250 0.166667 0.297500
27 0.288333 0.172500 0.156667 0.245000
27 0.198333 0.397500 0.190000 0.325000
27 0.096667 0.506250 0.153333 0.357500
27 0.100833 0.622500 0.188333 0.245000
27 0.230000 0.465000 0.180000 0.275000
27 0.262500 0.638750 0.135000 0.262500
27 0.511667 0.565000 0.166667 0.290000
27 0.612500 0.490000 0.145000 0.230000
27 0.690833 0.587500 0.158333 0.315000
27 0.775833 0.712500 0.205000 0.285000
27 0.583333 0.727500 0.136667 0.345000
27 0.665000 0.822500 0.213333 0.320000
27 0.505833 0.818750 0.268333 0.212500
27 0.696667 0.310000 0.136667 0.280000
27 0.759167 0.438750 0.155000 0.262500
27 0.858333 0.418750 0.160000 0.382500
27 0.587500 0.348750 0.181667 0.362500
