27 0.359167 0.715000 0.275000 0.250000
27 0.354167 0.616250 0.291667 0.192500
27 0.346667 0.516250 0.253333 0.207500
27 0.342500 0.448750 0.248333 0.247500
27 0.146667 0.450000 0.270000 0.225000
27 0.150000 0.528750 0.286667 0.262500
27 0.146667 0.660000 0.253333 0.205000
27 0.143333 0.765000 0.276667 0.245000
27 0.674167 0.480000 0.265000 0.235000
27 0.741667 0.580000 0.200000 0.270000
27 0.855833 0.547500 0.211667 0.330000
27 0.893333 0.492500 0.203333 0.270000
27 0.922500 0.406250 0.155000 0.277500
27 0.753333 0.327500 0.263333 0.215000
27 0.709167 0.383750 0.271667 0.237500
