27 0.372587 0.634021 0.305019 0.226804
27 0.667954 0.641753 0.332046 0.242268
27 0.113900 0.618557 0.220077 0.216495
27 0.137066 0.510309 0.243243 0.175258
27 0.399614 0.489691 0.305019 0.175258
27 0.642857 0.520619 0.281853 0.154639
27 0.888031 0.466495 0.223938 0.170103
27 0.888031 0.610825 0.223938 0.180412
27 0.135135 0.427835 0.254826 0.175258
27 0.150579 0.365979 0.223938 0.154639
27 0.154440 0.286082 0.223938 0.108247
27 0.146718 0.226804 0.208494 0.123711
27 0.357143 0.373711 0.266409 0.159794
27 0.660232 0.420103 0.285714 0.190722
27 0.870656 0.371134 0.258687 0.144330
27 0.851351 0.324742 0.258687 0.185567
27 0.594595 0.255155 0.262548 0.190722
