27 0.335294 0.758883 0.239216 0.360406
27 0.590196 0.758883 0.349020 0.370558
27 0.447059 0.474619 0.266667 0.360406
27 0.545098 0.395939 0.266667 0.335025
27 0.713725 0.677665 0.360784 0.360406
27 0.780392 0.512690 0.352941 0.304569
27 0.205882 0.350254 0.301961 0.233503
27 0.211765 0.545685 0.313725 0.319797
27 0.282353 0.692893 0.376471 0.401015
27 0.394118 0.190355 0.223529 0.228426
27 0.292157 0.241117 0.278431 0.197970
27 0.813725 0.365482 0.270588 0.355330
27 0.762745 0.263959 0.215686 0.345178
27 0.662745 0.200508 0.156863 0.279188
27 0.535294 0.159898 0.200000 0.218274
