27 0.196364 0.489071 0.261818 0.355191
27 0.236364 0.781421 0.385455 0.437158
27 0.560000 0.860656 0.370909 0.278689
27 0.694545 0.729508 0.400000 0.497268
27 0.812727 0.532787 0.287273 0.322404
27 0.850909 0.377049 0.298182 0.338798
27 0.632727 0.273224 0.261818 0.284153
27 0.600000 0.407104 0.254545 0.278689
27 0.429091 0.366120 0.232727 0.295082
27 0.074545 0.270492 0.127273 0.202186
27 0.170909 0.297814 0.174545 0.234973
27 0.269091 0.330601 0.160000 0.256831
27 0.334545 0.191257 0.210909 0.229508
27 0.489091 0.224044 0.207273 0.262295
