27 0.297297 0.778351 0.131274 0.113402
27 0.322394 0.685567 0.096525 0.061856
27 0.310811 0.610825 0.119691 0.056701
27 0.312741 0.525773 0.115830 0.072165
27 0.305019 0.492268 0.108108 0.067010
27 0.297297 0.425258 0.108108 0.056701
27 0.650579 0.809278 0.150579 0.103093
27 0.664093 0.760309 0.123552 0.067010
27 0.766409 0.806701 0.088803 0.056701
27 0.889961 0.811856 0.135135 0.067010
27 0.884170 0.747423 0.123552 0.072165
27 0.756757 0.672680 0.084942 0.056701
27 0.756757 0.744845 0.069498 0.046392
27 0.656371 0.716495 0.100386 0.051546
