27 0.187097 0.275385 0.322581 0.212308
27 0.361290 0.352308 0.335484 0.230769
27 0.316129 0.476923 0.400000 0.172308
27 0.383871 0.643077 0.600000 0.141538
27 0.387097 0.741538 0.645161 0.129231
27 0.796774 0.689231 0.406452 0.190769
27 0.077419 0.398462 0.141935 0.218462
27 0.583871 0.538462 0.212903 0.246154
27 0.809677 0.527692 0.380645 0.224615
27 0.861290 0.470769 0.277419 0.221538
27 0.693548 0.329231 0.200000 0.215385
27 0.845161 0.307692 0.296774 0.178462
27 0.629032 0.193846 0.277419 0.190769
27 0.525806 0.361538 0.200000 0.218462
27 0.916129 0.255385 0.167742 0.215385
27 0.338710 0.220000 0.419355 0.200000
