27 0.136938 0.646250 0.183989 0.577500
27 0.304775 0.467500 0.258427 0.460000
27 0.489466 0.348750 0.212079 0.512500
27 0.634129 0.205000 0.192416 0.365000
27 0.346910 0.808750 0.311798 0.382500
27 0.490871 0.696250 0.276685 0.527500
27 0.686798 0.607500 0.323034 0.520000
27 0.778090 0.480000 0.216292 0.520000
27 0.828652 0.355000 0.224719 0.415000
27 0.099719 0.386250 0.196629 0.412500
27 0.204354 0.258750 0.212079 0.472500
27 0.334972 0.202500 0.234551 0.335000
27 0.478933 0.176250 0.233146 0.347500
