27 0.106667 0.215556 0.124444 0.217778
27 0.040000 0.175556 0.071111 0.173333
27 0.113333 0.488889 0.093333 0.168889
27 0.057778 0.511111 0.097778 0.195556
27 0.568889 0.213333 0.160000 0.088889
27 0.555556 0.273333 0.133333 0.066667
27 0.553333 0.348889 0.155556 0.084444
27 0.542222 0.411111 0.186667 0.084444
27 0.553333 0.484444 0.191111 0.097778
27 0.531111 0.533333 0.182222 0.080000
27 0.526667 0.591111 0.164444 0.071111
27 0.528889 0.646667 0.186667 0.093333
27 0.446667 0.257778 0.084444 0.168889
27 0.897778 0.253333 0.168889 0.088889
27 0.908889 0.308889 0.146667 0.075556
27 0.884444 0.362222 0.133333 0.093333
27 0.895556 0.420000 0.164444 0.075556
27 0.891111 0.495556 0.155556 0.093333
27 0.891111 0.568889 0.155556 0.097778
27 0.900000 0.655556 0.200000 0.120000
27 0.888889 0.717778 0.186667 0.111111
27 0.786667 0.273333 0.053333 0.146667
