27 0.341463 0.118750 0.337711 0.227500
27 0.644465 0.098750 0.343340 0.192500
27 0.643527 0.243750 0.326454 0.177500
27 0.674484 0.392500 0.332083 0.180000
27 0.670732 0.523750 0.317073 0.247500
27 0.671670 0.647500 0.300188 0.170000
27 0.675422 0.742500 0.258912 0.180000
27 0.681989 0.821250 0.234522 0.172500
27 0.686679 0.911250 0.262664 0.137500
27 0.686679 0.965000 0.206379 0.070000
27 0.359287 0.286250 0.317073 0.262500
27 0.398687 0.463750 0.294559 0.262500
27 0.415572 0.592500 0.305816 0.260000
27 0.431520 0.690000 0.273921 0.185000
27 0.456848 0.786250 0.279550 0.282500
27 0.476548 0.887500 0.228893 0.190000
27 0.429644 0.932500 0.285178 0.135000
