27 0.343629 0.270619 0.208494 0.201031
27 0.424710 0.443299 0.185328 0.195876
27 0.204633 0.585052 0.216216 0.231959
27 0.297297 0.770619 0.239382 0.273196
27 0.500000 0.827320 0.189189 0.242268
27 0.644788 0.747423 0.208494 0.268041
27 0.799228 0.654639 0.208494 0.247423
27 0.878378 0.474227 0.189189 0.278351
27 0.758687 0.474227 0.166023 0.216495
27 0.735521 0.149485 0.150579 0.175258
27 0.806950 0.280928 0.193050 0.242268
27 0.644788 0.396907 0.154440 0.195876
27 0.592664 0.502577 0.227799 0.262887
27 0.507722 0.634021 0.158301 0.206186
27 0.150579 0.386598 0.177606 0.257732
27 0.268340 0.432990 0.181467 0.226804
27 0.233591 0.265464 0.166023 0.242268
27 0.347490 0.159794 0.193050 0.268041
27 0.472973 0.234536 0.220077 0.252577
27 0.617761 0.244845 0.185328 0.211340
27 0.613900 0.126289 0.177606 0.231959
27 0.492278 0.090206 0.158301 0.170103
