27 0.883677 0.630000 0.221388 0.255000
27 0.756098 0.475000 0.221388 0.210000
27 0.654784 0.566250 0.221388 0.172500
27 0.849906 0.525000 0.266417 0.220000
27 0.742964 0.667500 0.303940 0.235000
27 0.717636 0.788750 0.294559 0.232500
27 0.602251 0.846250 0.255159 0.147500
27 0.538462 0.746250 0.228893 0.202500
27 0.508443 0.678750 0.262664 0.302500
27 0.372420 0.832500 0.223265 0.165000
27 0.312383 0.722500 0.242026 0.250000
27 0.263602 0.660000 0.208255 0.245000
27 0.257036 0.558750 0.243902 0.207500
27 0.370544 0.435000 0.227017 0.215000
27 0.387430 0.506250 0.215760 0.192500
27 0.401501 0.581250 0.187617 0.227500
27 0.377111 0.308750 0.243902 0.177500
27 0.526266 0.268750 0.204503 0.232500
27 0.765478 0.342500 0.217636 0.295000
27 0.618199 0.382500 0.166979 0.190000
27 0.475610 0.388750 0.215760 0.182500
27 0.313321 0.416250 0.281426 0.177500
27 0.574109 0.571250 0.292683 0.277500
