27 0.742222 0.868889 0.364444 0.262222
27 0.517778 0.817778 0.368889 0.302222
27 0.235556 0.746667 0.355556 0.328889
27 0.086667 0.673333 0.155556 0.262222
27 0.860000 0.733333 0.280000 0.293333
27 0.653333 0.648889 0.293333 0.284444
27 0.428889 0.586667 0.306667 0.275556
27 0.240000 0.533333 0.346667 0.293333
27 0.108889 0.444444 0.200000 0.195556
27 0.815556 0.506667 0.280000 0.284444
27 0.600000 0.437778 0.293333 0.217778
27 0.402222 0.384444 0.280000 0.226667
27 0.242222 0.317778 0.244444 0.226667
27 0.100000 0.295556 0.191111 0.208889
27 0.884444 0.351111 0.222222 0.213333
27 0.700000 0.326667 0.191111 0.164444
27 0.546667 0.273333 0.231111 0.208889
27 0.355556 0.244444 0.186667 0.177778
