27 0.379464 0.629464 0.142857 0.187500
27 0.316964 0.772321 0.151786 0.089286
27 0.305804 0.845982 0.129464 0.111607
27 0.729911 0.645089 0.129464 0.156250
27 0.674107 0.736607 0.178571 0.151786
27 0.770089 0.752232 0.075893 0.165179
27 0.694196 0.841518 0.129464 0.156250
27 0.582589 0.850446 0.156250 0.120536
27 0.261161 0.446429 0.138393 0.133929
27 0.575893 0.417411 0.125000 0.075893
27 0.247768 0.629464 0.084821 0.125000
27 0.305804 0.352679 0.138393 0.116071
27 0.216518 0.830357 0.093750 0.125000
27 0.464286 0.714286 0.160714 0.125000
27 0.665179 0.582589 0.151786 0.129464
