27 0.329268 0.928750 0.373358 0.142500
27 0.366792 0.875000 0.339587 0.225000
27 0.389306 0.760000 0.294559 0.235000
27 0.358349 0.677500 0.296435 0.230000
27 0.367730 0.602500 0.296435 0.285000
27 0.350844 0.491250 0.292683 0.232500
27 0.361163 0.355000 0.283302 0.210000
27 0.369606 0.281250 0.266417 0.232500
27 0.378049 0.173750 0.309568 0.237500
27 0.373358 0.082500 0.270169 0.160000
27 0.133208 0.792500 0.262664 0.160000
27 0.144465 0.701250 0.285178 0.217500
27 0.123827 0.593750 0.243902 0.172500
27 0.121951 0.515000 0.240150 0.235000
27 0.128518 0.420000 0.253283 0.240000
27 0.132270 0.313750 0.260788 0.212500
27 0.150094 0.208750 0.296435 0.227500
27 0.149156 0.101250 0.279550 0.197500
27 0.630394 0.823750 0.247655 0.322500
27 0.840525 0.825000 0.296435 0.350000
27 0.797373 0.563750 0.258912 0.307500
27 0.620075 0.562500 0.260788 0.320000
27 0.581614 0.333750 0.240150 0.307500
27 0.762664 0.330000 0.253283 0.310000
27 0.898687 0.173750 0.202627 0.282500
27 0.755159 0.110000 0.257036 0.215000
27 0.576923 0.125000 0.279550 0.245000
27 0.929644 0.355000 0.140713 0.280000
27 0.939024 0.570000 0.121951 0.290000
