27 0.196190 0.201250 0.220952 0.202500
27 0.281905 0.233750 0.236190 0.247500
27 0.331429 0.280000 0.262857 0.235000
27 0.413333 0.278750 0.285714 0.277500
27 0.482857 0.376250 0.260952 0.282500
27 0.610476 0.423750 0.245714 0.312500
27 0.750476 0.456250 0.266667 0.347500
27 0.908571 0.552500 0.156190 0.440000
27 0.771429 0.845000 0.297143 0.260000
27 0.527619 0.771250 0.293333 0.417500
27 0.364762 0.705000 0.272381 0.525000
27 0.262857 0.630000 0.354286 0.525000
27 0.174286 0.518750 0.295238 0.472500
27 0.106667 0.447500 0.194286 0.360000
27 0.746667 0.255000 0.297143 0.280000
27 0.506667 0.177500 0.209524 0.260000
27 0.367619 0.127500 0.163810 0.175000
