27 0.353160 0.339572 0.178439 0.251337
27 0.327138 0.729947 0.208178 0.358289
27 0.527881 0.735294 0.297398 0.294118
27 0.187732 0.278075 0.241636 0.310160
27 0.208178 0.475936 0.200743 0.213904
27 0.165428 0.895722 0.234201 0.208556
27 0.362454 0.184492 0.152416 0.219251
27 0.202602 0.147059 0.204461 0.229947
27 0.083643 0.486631 0.159851 0.310160
27 0.219331 0.668449 0.200743 0.288770
27 0.544610 0.294118 0.211896 0.256684
27 0.763941 0.141711 0.182156 0.272727
27 0.869888 0.336898 0.185874 0.224599
27 0.780669 0.601604 0.237918 0.240642
27 0.758364 0.778075 0.223048 0.283422
27 0.936803 0.705882 0.126394 0.224599
27 0.842007 0.893048 0.167286 0.213904
27 0.921933 0.906417 0.156134 0.187166
27 0.717472 0.326203 0.171004 0.245989
27 0.611524 0.117647 0.159851 0.224599
27 0.535316 0.609626 0.282528 0.267380
27 0.511152 0.901070 0.263941 0.197861
