27 0.376667 0.706250 0.186667 0.102500
27 0.523333 0.712500 0.160000 0.110000
27 0.663333 0.643750 0.166667 0.142500
27 0.493333 0.228750 0.206667 0.152500
27 0.303333 0.261250 0.213333 0.152500
27 0.305000 0.771250 0.236667 0.137500
27 0.443333 0.777500 0.180000 0.115000
27 0.578333 0.810000 0.210000 0.130000
27 0.708333 0.801250 0.223333 0.132500
27 0.226667 0.801250 0.200000 0.122500
27 0.210000 0.440000 0.146667 0.120000
27 0.203333 0.568750 0.173333 0.147500
27 0.231667 0.651250 0.130000 0.117500
27 0.730000 0.543750 0.173333 0.142500
27 0.643333 0.335000 0.146667 0.135000
27 0.230000 0.338750 0.120000 0.127500
27 0.215000 0.232500 0.176667 0.115000
