27 0.569588 0.438224 0.201031 0.127413
27 0.682990 0.384170 0.170103 0.104247
27 0.791237 0.444015 0.211340 0.123552
27 0.698454 0.498069 0.221649 0.115830
27 0.894330 0.525097 0.201031 0.138996
27 0.773196 0.608108 0.216495 0.173745
27 0.932990 0.617761 0.134021 0.131274
27 0.886598 0.735521 0.226804 0.189189
27 0.822165 0.801158 0.252577 0.266409
27 0.695876 0.835907 0.247423 0.266409
27 0.479381 0.837838 0.247423 0.293436
27 0.247423 0.826255 0.226804 0.247104
27 0.371134 0.851351 0.195876 0.297297
27 0.541237 0.654440 0.185567 0.235521
