27 0.817778 0.261161 0.355556 0.415179
27 0.760000 0.354911 0.373333 0.388393
27 0.648889 0.388393 0.284444 0.357143
27 0.560000 0.417411 0.293333 0.361607
27 0.475556 0.488839 0.257778 0.316964
27 0.391111 0.551339 0.266667 0.388393
27 0.320000 0.620536 0.382222 0.455357
27 0.224444 0.665179 0.368889 0.446429
27 0.164444 0.720982 0.320000 0.459821
27 0.591111 0.814732 0.346667 0.334821
27 0.691111 0.774554 0.360000 0.343750
27 0.706667 0.656250 0.257778 0.276786
27 0.848889 0.783482 0.275556 0.236607
27 0.840000 0.667411 0.320000 0.272321
