27 0.263323 0.449367 0.213166 0.417722
27 0.449843 0.417722 0.203762 0.493671
27 0.625392 0.370253 0.216301 0.398734
27 0.789969 0.316456 0.181818 0.392405
27 0.644201 0.670886 0.235110 0.506329
27 0.836991 0.658228 0.181818 0.455696
27 0.498433 0.756329 0.300940 0.487342
27 0.235110 0.787975 0.238245 0.424051
27 0.098746 0.439873 0.191223 0.398734
27 0.076803 0.205696 0.147335 0.398734
27 0.217868 0.227848 0.222571 0.417722
27 0.435737 0.240506 0.257053 0.468354
27 0.061129 0.753165 0.115987 0.417722
27 0.846395 0.142405 0.119122 0.272152
27 0.714734 0.158228 0.144201 0.303797
