27 0.818333 0.440000 0.143333 0.200000
27 0.854167 0.550000 0.148333 0.165000
27 0.917500 0.545000 0.121667 0.185000
27 0.949167 0.528750 0.101667 0.192500
27 0.897500 0.406250 0.095000 0.187500
27 0.949167 0.428750 0.101667 0.217500
27 0.960833 0.678750 0.078333 0.182500
27 0.101667 0.230000 0.150000 0.145000
27 0.194167 0.213750 0.111667 0.117500
27 0.200833 0.347500 0.145000 0.115000
27 0.135833 0.436250 0.165000 0.187500
27 0.058333 0.445000 0.113333 0.195000
27 0.070000 0.328750 0.136667 0.152500
27 0.485000 0.435000 0.090000 0.120000
27 0.551667 0.385000 0.083333 0.095000
27 0.448333 0.452500 0.090000 0.070000
