27 0.302817 0.372881 0.077465 0.146893
27 0.355634 0.420904 0.084507 0.129944
27 0.380282 0.494350 0.084507 0.118644
27 0.413732 0.550847 0.073944 0.141243
27 0.464789 0.627119 0.112676 0.146893
27 0.501761 0.677966 0.073944 0.146893
27 0.544014 0.782486 0.095070 0.129944
27 0.589789 0.838983 0.080986 0.129944
27 0.633803 0.935028 0.070423 0.107345
27 0.647887 0.338983 0.070423 0.146893
27 0.681338 0.395480 0.059859 0.112994
27 0.709507 0.468927 0.102113 0.112994
27 0.762324 0.556497 0.073944 0.129944
27 0.799296 0.621469 0.070423 0.124294
27 0.832746 0.706215 0.088028 0.112994
27 0.852113 0.796610 0.084507 0.146893
27 0.061620 0.548023 0.088028 0.101695
27 0.100352 0.632768 0.116197 0.124294
27 0.119718 0.728814 0.105634 0.112994
27 0.172535 0.805085 0.084507 0.096045
27 0.209507 0.875706 0.080986 0.112994
27 0.253521 0.951977 0.070423 0.096045
27 0.426056 0.350282 0.084507 0.090395
27 0.459507 0.406780 0.080986 0.112994
27 0.505282 0.491525 0.095070 0.135593
27 0.531690 0.553672 0.077465 0.180791
27 0.579225 0.598870 0.080986 0.112994
27 0.595070 0.612994 0.091549 0.118644
27 0.602113 0.672316 0.077465 0.146893
27 0.658451 0.771186 0.084507 0.152542
