27 0.468889 0.840000 0.395556 0.320000
27 0.804444 0.700000 0.382222 0.360000
27 0.711111 0.424444 0.346667 0.280000
27 0.495556 0.513333 0.342222 0.333333
27 0.255556 0.637778 0.377778 0.324444
27 0.271111 0.435556 0.328889 0.275556
27 0.402222 0.286667 0.333333 0.280000
27 0.671111 0.233333 0.284444 0.244444
27 0.871111 0.355556 0.257778 0.346667
27 0.542222 0.146667 0.240000 0.222222
27 0.295556 0.175556 0.262222 0.208889
27 0.137778 0.295556 0.266667 0.244444
27 0.097778 0.480000 0.186667 0.257778
