27 0.069588 0.623552 0.128866 0.173745
27 0.128866 0.600386 0.216495 0.166023
27 0.185567 0.588803 0.226804 0.181467
27 0.283505 0.548263 0.268041 0.169884
27 0.363402 0.519305 0.201031 0.189189
27 0.417526 0.500000 0.237113 0.150579
27 0.466495 0.480695 0.190722 0.181467
27 0.505155 0.449807 0.206186 0.158301
27 0.582474 0.384170 0.206186 0.142857
27 0.719072 0.343629 0.262887 0.169884
27 0.162371 0.745174 0.159794 0.154440
27 0.231959 0.729730 0.134021 0.146718
27 0.345361 0.704633 0.144330 0.111969
27 0.432990 0.648649 0.154639 0.123552
27 0.530928 0.613900 0.113402 0.131274
27 0.595361 0.554054 0.159794 0.135135
27 0.646907 0.509653 0.211340 0.100386
27 0.775773 0.467181 0.159794 0.123552
27 0.301546 0.940154 0.170103 0.119691
27 0.407216 0.916988 0.164948 0.150579
27 0.481959 0.859073 0.118557 0.119691
27 0.561856 0.816602 0.185567 0.135135
27 0.634021 0.766409 0.134021 0.119691
27 0.706186 0.735521 0.144330 0.150579
27 0.801546 0.706564 0.170103 0.146718
27 0.873711 0.664093 0.149485 0.162162
27 0.943299 0.613900 0.113402 0.131274
27 0.283505 0.845560 0.206186 0.115830
27 0.360825 0.791506 0.175258 0.146718
27 0.448454 0.752896 0.164948 0.131274
27 0.548969 0.702703 0.159794 0.131274
27 0.626289 0.671815 0.149485 0.131274
27 0.721649 0.623552 0.154639 0.150579
27 0.806701 0.598456 0.159794 0.162162
27 0.889175 0.538610 0.159794 0.135135
27 0.940722 0.492278 0.118557 0.158301
27 0.894330 0.393822 0.201031 0.131274
