27 0.338028 0.381857 0.262911 0.172996
27 0.420188 0.415612 0.230047 0.172996
27 0.507042 0.451477 0.244131 0.185654
27 0.600939 0.504219 0.225352 0.189873
27 0.622066 0.554852 0.220657 0.198312
27 0.730047 0.561181 0.230047 0.168776
27 0.563380 0.240506 0.225352 0.135021
27 0.622066 0.282700 0.211268 0.168776
27 0.823944 0.194093 0.295775 0.253165
27 0.793427 0.358650 0.281690 0.160338
27 0.856808 0.409283 0.267606 0.202532
27 0.917840 0.462025 0.164319 0.164557
27 0.953052 0.542194 0.093897 0.105485
