27 0.099576 0.098131 0.173729 0.149533
27 0.230932 0.081776 0.165254 0.154206
27 0.383475 0.084112 0.165254 0.158879
27 0.521186 0.088785 0.161017 0.158879
27 0.658898 0.093458 0.156780 0.158879
27 0.783898 0.088785 0.194915 0.168224
27 0.915254 0.084112 0.118644 0.121495
27 0.086864 0.224299 0.165254 0.158879
27 0.230932 0.198598 0.165254 0.163551
27 0.375000 0.198598 0.165254 0.163551
27 0.502119 0.198598 0.173729 0.191589
27 0.637712 0.212617 0.148305 0.163551
27 0.764831 0.217290 0.173729 0.182243
27 0.915254 0.214953 0.152542 0.130841
27 0.080508 0.341121 0.152542 0.149533
27 0.201271 0.303738 0.182203 0.158879
27 0.343220 0.317757 0.161017 0.149533
27 0.491525 0.352804 0.135593 0.144860
27 0.639831 0.366822 0.169492 0.172897
27 0.773305 0.348131 0.182203 0.172897
27 0.919492 0.348131 0.161017 0.191589
27 0.091102 0.478972 0.173729 0.154206
27 0.207627 0.455607 0.177966 0.144860
27 0.347458 0.450935 0.169492 0.163551
27 0.493644 0.483645 0.173729 0.182243
27 0.627119 0.500000 0.152542 0.149533
27 0.773305 0.471963 0.156780 0.130841
27 0.921610 0.492991 0.156780 0.163551
27 0.065678 0.593458 0.122881 0.158879
27 0.194915 0.598131 0.177966 0.186916
27 0.345339 0.591121 0.182203 0.163551
27 0.478814 0.635514 0.186441 0.177570
27 0.633475 0.621495 0.190678 0.149533
27 0.781780 0.609813 0.182203 0.163551
27 0.915254 0.628505 0.169492 0.191589
27 0.069915 0.747664 0.131356 0.149533
27 0.201271 0.738318 0.156780 0.205607
27 0.347458 0.726636 0.177966 0.163551
27 0.480932 0.761682 0.207627 0.168224
27 0.635593 0.750000 0.194915 0.154206
27 0.800847 0.754673 0.186441 0.163551
27 0.927966 0.761682 0.144068 0.158879
27 0.082627 0.892523 0.156780 0.186916
27 0.209746 0.883178 0.173729 0.177570
27 0.330508 0.892523 0.177966 0.186916
27 0.483051 0.894860 0.169492 0.163551
27 0.620763 0.908879 0.148305 0.172897
27 0.766949 0.894860 0.177966 0.191589
27 0.915254 0.906542 0.169492 0.186916
