34 0.667203 0.575000 0.196141 0.270000
34 0.864952 0.645000 0.263666 0.290000
34 0.770096 0.412500 0.215434 0.265000
34 0.149518 0.312500 0.221865 0.265000
34 0.344051 0.540000 0.186495 0.340000
34 0.290997 0.750000 0.221865 0.220000
34 0.353698 0.357500 0.180064 0.215000
34 0.241158 0.120000 0.180064 0.230000
34 0.773312 0.187500 0.202572 0.275000
34 0.609325 0.230000 0.157556 0.290000
34 0.768489 0.815000 0.192926 0.290000
34 0.630225 0.830000 0.154341 0.280000
34 0.122186 0.872500 0.231511 0.255000
34 0.172026 0.520000 0.183280 0.280000
34 0.414791 0.167500 0.167203 0.235000
34 0.088424 0.122500 0.170418 0.235000
34 0.094855 0.667500 0.183280 0.235000
34 0.914791 0.322500 0.170418 0.305000
34 0.900322 0.095000 0.199357 0.180000
