1 0.332797 0.575 0.196141 0.27
1 0.13504799999999995 0.645 0.263666 0.29
1 0.229904 0.4125 0.215434 0.265
1 0.850482 0.3125 0.221865 0.265
1 0.655949 0.54 0.186495 0.34
1 0.709003 0.75 0.221865 0.22
1 0.6463019999999999 0.3575 0.180064 0.215
1 0.758842 0.12 0.180064 0.23
1 0.226688 0.1875 0.202572 0.275
1 0.390675 0.23 0.157556 0.29
1 0.23151100000000002 0.815 0.192926 0.29
1 0.36977499999999996 0.83 0.154341 0.28
1 0.877814 0.8725 0.231511 0.255
1 0.827974 0.52 0.18328 0.28
1 0.585209 0.1675 0.167203 0.235
1 0.9115759999999999 0.1225 0.170418 0.235
1 0.905145 0.6675 0.18328 0.235
1 0.08520899999999998 0.3225 0.170418 0.305
1 0.09967800000000004 0.095 0.199357 0.18
