22 0.125000 0.412500 0.140000 0.205000
22 0.277500 0.287500 0.185000 0.175000
22 0.475000 0.245000 0.170000 0.160000
22 0.627500 0.265000 0.175000 0.140000
22 0.767500 0.362500 0.175000 0.195000
22 0.587500 0.392500 0.235000 0.155000
22 0.632500 0.510000 0.115000 0.130000
22 0.757500 0.652500 0.165000 0.225000
22 0.615000 0.727500 0.130000 0.245000
22 0.320000 0.750000 0.260000 0.180000
22 0.522500 0.662500 0.125000 0.245000
22 0.472500 0.555000 0.175000 0.240000
22 0.330000 0.512500 0.160000 0.205000
