4 0.342222 0.466667 0.266667 0.275556
4 0.09999999999999998 0.471111 0.2 0.257778
4 0.093333 0.753333 0.186667 0.288889
4 0.348889 0.757778 0.262222 0.297778
4 0.626667 0.751111 0.275556 0.311111
4 0.88 0.751111 0.231111 0.311111
4 0.875556 0.477778 0.24 0.271111
4 0.624444 0.477778 0.28 0.235556
4 0.342222 0.468889 0.266667 0.262222
4 0.10444399999999998 0.477778 0.208889 0.288889
4 0.11111099999999996 0.204444 0.222222 0.257778
4 0.355556 0.206667 0.248889 0.244444
4 0.611111 0.215556 0.253333 0.28
4 0.864444 0.217778 0.262222 0.24
