4 0.5425 0.26875 0.255 0.2125
4 0.71375 0.3175 0.2425 0.165
4 0.6699999999999999 0.4725 0.245 0.22
4 0.47375 0.42 0.2525 0.235
4 0.25875000000000004 0.34375 0.2375 0.1475
4 0.2925 0.835 0.295 0.29
4 0.5487500000000001 0.87375 0.2975 0.2525
4 0.615 0.675 0.23 0.26
4 0.39249999999999996 0.59625 0.27 0.2375
4 0.18374999999999997 0.5325 0.2475 0.25
4 0.8375 0.77875 0.32 0.2675
4 0.8925 0.59125 0.185 0.2375
4 0.10875000000000001 0.755 0.1825 0.275
4 0.36124999999999996 0.23125 0.2275 0.1725
4 0.41500000000000004 0.105 0.195 0.145
4 0.1825 0.18125 0.215 0.1825
4 0.09250000000000003 0.30875 0.18 0.1825
4 0.25625 0.08375 0.2025 0.1225
4 0.5775 0.1425 0.205 0.175
4 0.7675 0.18875 0.245 0.1725
4 0.9 0.37625 0.17 0.2325
