4 0.693627 0.508578 0.191176 0.267157
4 0.6919930000000001 0.785539 0.220588 0.316176
4 0.505719 0.767157 0.223856 0.328431
4 0.32761399999999996 0.764706 0.20098 0.357843
4 0.33660100000000004 0.219363 0.212418 0.276961
4 0.521242 0.232843 0.179739 0.313725
4 0.6928099999999999 0.22549 0.212418 0.313725
4 0.5114380000000001 0.480392 0.215686 0.333333
4 0.33169899999999997 0.473039 0.19281 0.338235
4 0.162582 0.218137 0.207516 0.323529
4 0.151961 0.477941 0.20915 0.27451
4 0.13725500000000002 0.76348 0.205882 0.296569
