9 0.355410 0.456250 0.080224 0.152500
9 0.358209 0.585000 0.089552 0.200000
9 0.347948 0.716250 0.087687 0.212500
9 0.488806 0.375000 0.100746 0.105000
9 0.516791 0.475000 0.111940 0.125000
9 0.538246 0.592500 0.143657 0.170000
9 0.550373 0.712500 0.141791 0.140000
9 0.639925 0.353750 0.104478 0.097500
9 0.664179 0.446250 0.093284 0.142500
9 0.692164 0.562500 0.100746 0.160000
9 0.725746 0.701250 0.108209 0.192500
9 0.880597 0.703750 0.149254 0.222500
9 0.858209 0.600000 0.123134 0.175000
9 0.814366 0.488750 0.113806 0.147500
9 0.754664 0.492500 0.106343 0.140000
