23 0.285131 0.63848 0.112745 0.17402
23 0.10702599999999995 0.515931 0.119281 0.169118
23 0.06781000000000004 0.779412 0.116013 0.176471
23 0.24264699999999995 0.916667 0.119281 0.166667
23 0.45914999999999995 0.784314 0.120915 0.176471
23 0.32843100000000003 0.384804 0.117647 0.176471
23 0.15604600000000002 0.261029 0.119281 0.17402
23 0.339869 0.118873 0.117647 0.178922
23 0.5098039999999999 0.240196 0.111111 0.181373
23 0.693627 0.125 0.125817 0.176471
23 0.880719 0.265931 0.117647 0.178922
23 0.685458 0.383578 0.129085 0.17402
23 0.669935 0.648284 0.124183 0.193627
23 0.862745 0.526961 0.111111 0.176471
23 0.85049 0.781863 0.109477 0.166667
23 0.677288 0.906863 0.119281 0.176471
