23 0.31666700000000003 0.305 0.113333 0.07
23 0.22999999999999998 0.375 0.126667 0.09
23 0.17666700000000002 0.4575 0.126667 0.095
23 0.15000000000000002 0.555 0.126667 0.12
23 0.23666699999999996 0.655 0.14 0.11
23 0.34666699999999995 0.725 0.16 0.11
23 0.48 0.7425 0.16 0.115
23 0.62 0.7 0.173333 0.11
23 0.736667 0.63 0.153333 0.11
23 0.813333 0.5575 0.146667 0.095
23 0.816667 0.4675 0.153333 0.095
23 0.78 0.3775 0.133333 0.095
23 0.676667 0.3275 0.14 0.105
23 0.566667 0.285 0.133333 0.12
23 0.43333299999999997 0.28 0.12 0.1
