23 0.42801599999999995 0.395408 0.140078 0.188776
23 0.412451 0.57398 0.14786 0.19898
23 0.40856000000000003 0.770408 0.124514 0.183673
23 0.274319 0.747449 0.143969 0.178571
23 0.12062300000000004 0.739796 0.155642 0.22449
23 0.143969 0.566327 0.14786 0.204082
23 0.272374 0.576531 0.163424 0.193878
23 0.13813200000000003 0.390306 0.143969 0.168367
23 0.28404700000000005 0.385204 0.171206 0.19898
23 0.747082 0.701531 0.171206 0.209184
23 0.735409 0.502551 0.178988 0.219388
23 0.729572 0.313776 0.198444 0.219388
