23 0.494382 0.582500 0.089888 0.115000
23 0.571161 0.605000 0.071161 0.140000
23 0.661049 0.712500 0.108614 0.145000
23 0.563670 0.782500 0.086142 0.155000
23 0.481273 0.807500 0.101124 0.145000
23 0.410112 0.827500 0.138577 0.175000
23 0.307116 0.785000 0.127341 0.130000
23 0.290262 0.647500 0.108614 0.155000
23 0.395131 0.587500 0.093633 0.135000
23 0.249064 0.412500 0.123596 0.145000
23 0.344569 0.425000 0.104869 0.170000
23 0.430712 0.427500 0.097378 0.125000
23 0.518727 0.420000 0.086142 0.110000
23 0.588015 0.435000 0.082397 0.140000
23 0.668539 0.447500 0.078652 0.145000
23 0.664794 0.332500 0.078652 0.125000
23 0.593633 0.312500 0.086142 0.135000
23 0.520599 0.322500 0.112360 0.135000
23 0.445693 0.310000 0.112360 0.120000
23 0.348315 0.282500 0.097378 0.135000
23 0.241573 0.277500 0.108614 0.135000
23 0.595506 0.192500 0.082397 0.135000
23 0.516854 0.200000 0.089888 0.160000
23 0.436330 0.170000 0.108614 0.150000
