23 0.683333 0.305000 0.113333 0.070000
23 0.770000 0.375000 0.126667 0.090000
23 0.823333 0.457500 0.126667 0.095000
23 0.850000 0.555000 0.126667 0.120000
23 0.763333 0.655000 0.140000 0.110000
23 0.653333 0.725000 0.160000 0.110000
23 0.520000 0.742500 0.160000 0.115000
23 0.380000 0.700000 0.173333 0.110000
23 0.263333 0.630000 0.153333 0.110000
23 0.186667 0.557500 0.146667 0.095000
23 0.183333 0.467500 0.153333 0.095000
23 0.220000 0.377500 0.133333 0.095000
23 0.323333 0.327500 0.140000 0.105000
23 0.433333 0.285000 0.133333 0.120000
23 0.566667 0.280000 0.120000 0.100000
