36 0.157500 0.695000 0.265000 0.275000
36 0.407500 0.851250 0.290000 0.277500
36 0.563750 0.612500 0.257500 0.235000
36 0.842500 0.790000 0.280000 0.260000
36 0.898750 0.550000 0.202500 0.235000
36 0.692500 0.437500 0.210000 0.185000
36 0.467500 0.317500 0.200000 0.170000
36 0.308750 0.217500 0.182500 0.145000
36 0.125000 0.145000 0.175000 0.140000
36 0.146250 0.361250 0.207500 0.167500
36 0.320000 0.465000 0.230000 0.185000
36 0.617500 0.221250 0.185000 0.162500
36 0.825000 0.318750 0.200000 0.187500
36 0.453750 0.135000 0.142500 0.150000
36 0.290000 0.080000 0.170000 0.115000
