36 0.165049 0.091837 0.310680 0.118367
36 0.169903 0.263265 0.320388 0.175510
36 0.162621 0.493878 0.315534 0.130612
36 0.148058 0.663265 0.286408 0.159184
36 0.160194 0.848980 0.291262 0.179592
36 0.516990 0.542857 0.247573 0.261224
36 0.492718 0.814286 0.286408 0.273469
36 0.788835 0.757143 0.325243 0.159184
36 0.842233 0.900000 0.286408 0.118367
36 0.779126 0.600000 0.296117 0.114286
36 0.844660 0.479592 0.310680 0.110204
36 0.456311 0.204082 0.165049 0.277551
36 0.592233 0.269388 0.116505 0.302041
36 0.834951 0.128571 0.330097 0.118367
36 0.839806 0.283673 0.320388 0.142857
