36 0.380000 0.351190 0.140000 0.214286
36 0.566667 0.375000 0.106667 0.178571
36 0.448333 0.595238 0.130000 0.214286
36 0.506667 0.830357 0.126667 0.196429
36 0.656667 0.592262 0.113333 0.184524
36 0.661667 0.812500 0.136667 0.172619
36 0.790000 0.815476 0.126667 0.178571
36 0.790000 0.601190 0.140000 0.202381
36 0.748333 0.309524 0.110000 0.178571
36 0.758333 0.119048 0.110000 0.154762
36 0.623333 0.160714 0.113333 0.190476
36 0.461667 0.119048 0.123333 0.178571
36 0.296667 0.154762 0.126667 0.190476
36 0.283333 0.595238 0.126667 0.226190
36 0.296667 0.836310 0.160000 0.208333
