36 0.491549 0.446250 0.104225 0.172500
36 0.495775 0.781250 0.121127 0.217500
36 0.671127 0.785000 0.125352 0.205000
36 0.850000 0.782500 0.114085 0.185000
36 0.812676 0.460000 0.098592 0.165000
36 0.652113 0.445000 0.104225 0.155000
36 0.640141 0.193750 0.091549 0.157500
36 0.781690 0.205000 0.092958 0.155000
36 0.502817 0.203750 0.087324 0.132500
36 0.354930 0.210000 0.087324 0.130000
36 0.198592 0.207500 0.095775 0.120000
36 0.337324 0.442500 0.091549 0.160000
36 0.311268 0.766250 0.118310 0.177500
36 0.154930 0.463750 0.101408 0.152500
36 0.123944 0.761250 0.107042 0.162500
