36 0.400000 0.391111 0.204444 0.204444
36 0.633333 0.391111 0.200000 0.204444
36 0.835556 0.382222 0.177778 0.204444
36 0.815556 0.620000 0.200000 0.200000
36 0.833333 0.826667 0.200000 0.195556
36 0.606667 0.628889 0.200000 0.191111
36 0.611111 0.840000 0.208889 0.204444
36 0.393333 0.608889 0.200000 0.195556
36 0.380000 0.820000 0.200000 0.208889
36 0.175556 0.597778 0.200000 0.191111
36 0.173333 0.813333 0.204444 0.204444
36 0.200000 0.382222 0.204444 0.177778
36 0.188889 0.186667 0.200000 0.177778
36 0.400000 0.195556 0.186667 0.186667
36 0.622222 0.180000 0.204444 0.182222
36 0.837778 0.180000 0.191111 0.182222
