4 0.657778 0.466667 0.266667 0.275556
4 0.900000 0.471111 0.200000 0.257778
4 0.906667 0.753333 0.186667 0.288889
4 0.651111 0.757778 0.262222 0.297778
4 0.373333 0.751111 0.275556 0.311111
4 0.120000 0.751111 0.231111 0.311111
4 0.124444 0.477778 0.240000 0.271111
4 0.375556 0.477778 0.280000 0.235556
4 0.657778 0.468889 0.266667 0.262222
4 0.895556 0.477778 0.208889 0.288889
4 0.888889 0.204444 0.222222 0.257778
4 0.644444 0.206667 0.248889 0.244444
4 0.388889 0.215556 0.253333 0.280000
4 0.135556 0.217778 0.262222 0.240000
