4 0.466411 0.540000 0.249520 0.325000
4 0.698656 0.470000 0.207294 0.320000
4 0.897313 0.423750 0.163148 0.292500
4 0.855086 0.195000 0.205374 0.285000
4 0.666987 0.180000 0.209213 0.260000
4 0.410749 0.155000 0.230326 0.245000
4 0.169866 0.215000 0.232246 0.275000
4 0.310940 0.376250 0.218810 0.262500
4 0.130518 0.460000 0.222649 0.290000
4 0.125720 0.745000 0.166987 0.325000
4 0.277351 0.712500 0.266795 0.365000
4 0.733205 0.737500 0.264875 0.305000
4 0.907869 0.691250 0.184261 0.327500
4 0.518234 0.782500 0.222649 0.310000
