4 0.457500 0.268750 0.255000 0.212500
4 0.286250 0.317500 0.242500 0.165000
4 0.330000 0.472500 0.245000 0.220000
4 0.526250 0.420000 0.252500 0.235000
4 0.741250 0.343750 0.237500 0.147500
4 0.707500 0.835000 0.295000 0.290000
4 0.451250 0.873750 0.297500 0.252500
4 0.385000 0.675000 0.230000 0.260000
4 0.607500 0.596250 0.270000 0.237500
4 0.816250 0.532500 0.247500 0.250000
4 0.162500 0.778750 0.320000 0.267500
4 0.107500 0.591250 0.185000 0.237500
4 0.891250 0.755000 0.182500 0.275000
4 0.638750 0.231250 0.227500 0.172500
4 0.585000 0.105000 0.195000 0.145000
4 0.817500 0.181250 0.215000 0.182500
4 0.907500 0.308750 0.180000 0.182500
4 0.743750 0.083750 0.202500 0.122500
4 0.422500 0.142500 0.205000 0.175000
4 0.232500 0.188750 0.245000 0.172500
4 0.100000 0.376250 0.170000 0.232500
