36 0.459259 0.430108 0.22963 0.258065
36 0.224074 0.427419 0.211111 0.284946
36 0.707407 0.446237 0.214815 0.290323
36 0.7166669999999999 0.790323 0.225926 0.322581
36 0.448148 0.776882 0.22963 0.33871
36 0.20925899999999997 0.790323 0.203704 0.322581
36 0.25185199999999996 0.150538 0.2 0.204301
36 0.47963 0.137097 0.196296 0.22043
36 0.6944440000000001 0.142473 0.181481 0.209677
36 0.903704 0.123656 0.185185 0.215054
36 0.9240740000000001 0.422043 0.144444 0.231183
36 0.944444 0.787634 0.103704 0.295699
