36 0.631667 0.575 0.33 0.22
36 0.41833299999999995 0.505 0.296667 0.23
36 0.40333300000000005 0.36875 0.313333 0.1975
36 0.6599999999999999 0.40125 0.36 0.1975
36 0.6583330000000001 0.2175 0.223333 0.15
36 0.853333 0.29875 0.213333 0.1475
36 0.878333 0.46875 0.21 0.1775
36 0.873333 0.67625 0.24 0.2075
36 0.636667 0.79875 0.253333 0.2325
36 0.373333 0.69375 0.233333 0.2025
36 0.17166700000000001 0.35125 0.223333 0.1475
36 0.11666699999999997 0.5125 0.233333 0.185
36 0.12166699999999997 0.7175 0.243333 0.26
