36 0.6857409999999999 0.4725 0.174484 0.18
36 0.591932 0.42875 0.155722 0.1575
36 0.515009 0.3875 0.166979 0.18
36 0.45684800000000003 0.35375 0.140713 0.1725
36 0.745779 0.50875 0.159475 0.1375
36 0.8170729999999999 0.5575 0.189493 0.14
36 0.896811 0.655 0.19137 0.135
36 0.729831 0.74875 0.251407 0.1725
36 0.545966 0.6275 0.202627 0.185
36 0.409944 0.51125 0.208255 0.1725
36 0.25046900000000005 0.4475 0.196998 0.15
36 0.11819900000000005 0.36 0.198874 0.15
36 0.08630400000000005 0.545 0.172608 0.15
36 0.232645 0.62375 0.213884 0.1575
36 0.360225 0.75 0.247655 0.17
36 0.558161 0.8875 0.253283 0.18
36 0.893058 0.415 0.180113 0.13
36 0.765478 0.33625 0.217636 0.1475
36 0.6181989999999999 0.2775 0.155722 0.095
36 0.48029999999999995 0.20875 0.161351 0.1075
36 0.331144 0.275 0.174484 0.165
36 0.24390199999999995 0.20875 0.24015 0.1525
