36 0.851111 0.348889 0.2 0.173333
36 0.6688890000000001 0.473333 0.235556 0.2
36 0.437778 0.615556 0.235556 0.235556
36 0.16000000000000003 0.797778 0.284444 0.262222
36 0.844444 0.686667 0.284444 0.271111
36 0.586667 0.868889 0.293333 0.262222
36 0.31555599999999995 0.437778 0.222222 0.217778
36 0.093333 0.555556 0.186667 0.231111
36 0.522222 0.324444 0.191111 0.186667
36 0.688889 0.224444 0.186667 0.164444
36 0.877778 0.131111 0.208889 0.128889
36 0.7066669999999999 0.077778 0.168889 0.12
36 0.546667 0.144444 0.151111 0.146667
36 0.38222199999999995 0.222222 0.204444 0.151111
36 0.18000000000000005 0.308889 0.2 0.173333
