36 0.471649 0.415058 0.438144 0.127413
36 0.47938099999999995 0.550193 0.453608 0.135135
36 0.471649 0.683398 0.489691 0.146718
36 0.466495 0.814672 0.479381 0.138996
36 0.680412 0.355212 0.329897 0.100386
36 0.25 0.357143 0.252577 0.096525
36 0.760309 0.474903 0.242268 0.108108
36 0.22938099999999995 0.457529 0.252577 0.088803
36 0.20618599999999998 0.550193 0.226804 0.073359
36 0.796392 0.57722 0.242268 0.104247
36 0.793814 0.700772 0.237113 0.119691
36 0.21391800000000005 0.629344 0.231959 0.07722
