36 0.831081 0.268328 0.162162 0.061584
36 0.6655409999999999 0.259531 0.141892 0.061584
36 0.695946 0.35044 0.189189 0.079179
36 0.864865 0.334311 0.162162 0.064516
36 0.918919 0.419355 0.148649 0.070381
36 0.763514 0.43695 0.175676 0.076246
36 0.554054 0.447214 0.189189 0.085044
36 0.523649 0.36217 0.155405 0.067449
36 0.483108 0.268328 0.168919 0.073314
36 0.28716200000000003 0.288856 0.195946 0.073314
36 0.31756799999999996 0.379765 0.22973 0.073314
36 0.31418900000000005 0.467742 0.209459 0.079179
36 0.44594599999999995 0.527859 0.094595 0.035191
36 0.30743200000000004 0.536657 0.087838 0.046921
36 0.16554100000000005 0.555718 0.101351 0.055718
36 0.114865 0.615836 0.135135 0.058651
36 0.29729700000000003 0.587977 0.121622 0.055718
36 0.42905400000000005 0.570381 0.101351 0.049853
36 0.43581099999999995 0.634897 0.128378 0.061584
36 0.31418900000000005 0.651026 0.155405 0.070381
36 0.72973 0.793255 0.324324 0.13783
36 0.21959499999999998 0.829912 0.439189 0.170088
