36 0.52439 0.4275 0.189493 0.265
36 0.325516 0.3975 0.242026 0.315
36 0.11819900000000005 0.58 0.17636 0.235
36 0.34334 0.65375 0.180113 0.1975
36 0.425891 0.88125 0.180113 0.2275
36 0.21575999999999995 0.88 0.187617 0.23
36 0.596623 0.725 0.180113 0.225
36 0.763602 0.5875 0.19137 0.245
36 0.712008 0.33 0.185741 0.26
36 0.571295 0.1475 0.178236 0.225
36 0.37898699999999996 0.09125 0.183865 0.1675
36 0.890244 0.145 0.204503 0.225
36 0.915572 0.4075 0.161351 0.215
36 0.917448 0.7675 0.153846 0.225
36 0.12101300000000004 0.32 0.163227 0.25
