36 0.795556 0.224444 0.168889 0.164444
36 0.828889 0.351111 0.146667 0.133333
36 0.864444 0.491111 0.137778 0.128889
36 0.8822220000000001 0.597778 0.182222 0.12
36 0.897778 0.717778 0.16 0.164444
36 0.615556 0.257778 0.146667 0.133333
36 0.64 0.382222 0.151111 0.151111
36 0.271111 0.313333 0.16 0.128889
36 0.29555600000000004 0.424444 0.164444 0.146667
36 0.30444400000000005 0.575556 0.146667 0.155556
36 0.328889 0.757778 0.168889 0.226667
36 0.09777800000000003 0.351111 0.151111 0.186667
36 0.11777800000000005 0.548889 0.155556 0.173333
36 0.12222200000000005 0.733333 0.182222 0.195556
