36 0.81391 0.752632 0.221805 0.157895
36 0.759398 0.618421 0.180451 0.131579
36 0.484962 0.723684 0.218045 0.163158
36 0.49812 0.607895 0.176692 0.110526
36 0.20676700000000003 0.613158 0.172932 0.152632
36 0.13533799999999996 0.778947 0.203008 0.168421
36 0.8890979999999999 0.234211 0.214286 0.089474
36 0.49248099999999995 0.228947 0.233083 0.110526
36 0.11278200000000005 0.221053 0.225564 0.094737
36 0.23308300000000004 0.113158 0.172932 0.078947
36 0.50188 0.123684 0.184211 0.078947
36 0.806391 0.176316 0.221805 0.1
