11 0.393258 0.842500 0.299625 0.315000
11 0.711610 0.852500 0.277154 0.295000
11 0.823970 0.625000 0.239700 0.270000
11 0.288390 0.560000 0.247191 0.270000
11 0.391386 0.372500 0.198502 0.235000
11 0.580524 0.527500 0.239700 0.275000
11 0.116105 0.395000 0.224719 0.270000
11 0.211610 0.230000 0.198502 0.200000
11 0.093633 0.115000 0.179775 0.180000
11 0.438202 0.205000 0.194757 0.200000
11 0.593633 0.305000 0.205993 0.200000
11 0.876404 0.422500 0.217228 0.235000
11 0.743446 0.250000 0.168539 0.190000
11 0.269663 0.070000 0.172285 0.130000
11 0.434457 0.077500 0.164794 0.145000
11 0.597378 0.120000 0.161049 0.180000
11 0.842697 0.155000 0.164794 0.190000
