11 0.818182 0.784153 0.203636 0.234973
11 0.749091 0.655738 0.181818 0.196721
11 0.610909 0.879781 0.232727 0.240437
11 0.389091 0.877049 0.218182 0.224044
11 0.150909 0.806011 0.214545 0.234973
11 0.347273 0.715847 0.200000 0.207650
11 0.578182 0.606557 0.167273 0.185792
11 0.570909 0.743169 0.196364 0.207650
11 0.180000 0.642077 0.200000 0.169399
11 0.180000 0.453552 0.149091 0.153005
11 0.332727 0.557377 0.185455 0.174863
11 0.494545 0.500000 0.167273 0.169399
11 0.670909 0.505464 0.170909 0.169399
11 0.396364 0.426230 0.145455 0.142077
11 0.538182 0.311475 0.130909 0.163934
11 0.616364 0.423497 0.149091 0.147541
11 0.763636 0.423497 0.130909 0.169399
11 0.912727 0.453552 0.174545 0.163934
11 0.861818 0.579235 0.181818 0.174863
11 0.883636 0.284153 0.130909 0.131148
11 0.543636 0.207650 0.134545 0.131148
11 0.289091 0.393443 0.134545 0.142077
11 0.141818 0.319672 0.145455 0.136612
11 0.360000 0.254098 0.138182 0.103825
11 0.709091 0.286885 0.130909 0.114754
11 0.661818 0.338798 0.130909 0.109290
11 0.058182 0.398907 0.109091 0.120219
11 0.101818 0.560109 0.167273 0.180328
