11 0.878277 0.812500 0.146067 0.215000
11 0.876404 0.612500 0.157303 0.195000
11 0.872659 0.425000 0.142322 0.210000
11 0.870787 0.240000 0.146067 0.200000
11 0.737828 0.230000 0.157303 0.210000
11 0.732210 0.435000 0.146067 0.200000
11 0.734082 0.615000 0.149813 0.190000
11 0.730337 0.802500 0.142322 0.205000
11 0.588015 0.802500 0.149813 0.215000
11 0.589888 0.602500 0.138577 0.195000
11 0.595506 0.407500 0.134831 0.185000
11 0.591760 0.222500 0.134831 0.185000
11 0.453184 0.220000 0.142322 0.190000
11 0.447566 0.417500 0.138577 0.195000
11 0.443820 0.602500 0.146067 0.195000
11 0.434457 0.800000 0.157303 0.220000
11 0.292135 0.805000 0.149813 0.200000
11 0.301498 0.617500 0.153558 0.195000
11 0.301498 0.412500 0.153558 0.215000
11 0.310861 0.205000 0.134831 0.180000
11 0.159176 0.217500 0.161049 0.205000
11 0.155431 0.410000 0.153558 0.200000
11 0.155431 0.602500 0.161049 0.175000
11 0.142322 0.795000 0.172285 0.190000
