11 0.460000 0.615000 0.233333 0.260000
11 0.686667 0.572500 0.220000 0.235000
11 0.891667 0.630000 0.216667 0.290000
11 0.921667 0.860000 0.156667 0.280000
11 0.720000 0.822500 0.240000 0.305000
11 0.493333 0.845000 0.246667 0.310000
11 0.211667 0.840000 0.243333 0.320000
11 0.228333 0.612500 0.230000 0.295000
11 0.275000 0.407500 0.216667 0.245000
11 0.098333 0.357500 0.190000 0.205000
11 0.150000 0.240000 0.173333 0.180000
11 0.315000 0.252500 0.163333 0.205000
11 0.486667 0.255000 0.186667 0.170000
11 0.501667 0.410000 0.203333 0.220000
11 0.681667 0.380000 0.190000 0.200000
11 0.655000 0.252500 0.170000 0.165000
11 0.638333 0.135000 0.156667 0.130000
11 0.486667 0.132500 0.160000 0.145000
11 0.331667 0.115000 0.156667 0.150000
11 0.176667 0.112500 0.173333 0.155000
11 0.076667 0.540000 0.146667 0.240000
11 0.860000 0.422500 0.200000 0.215000
11 0.820000 0.265000 0.186667 0.200000
11 0.800000 0.147500 0.173333 0.175000
