11 0.765152 0.755000 0.217172 0.220000
11 0.878788 0.880000 0.191919 0.190000
11 0.686869 0.892500 0.202020 0.195000
11 0.606061 0.757500 0.151515 0.155000
11 0.676768 0.650000 0.171717 0.180000
11 0.848485 0.655000 0.161616 0.200000
11 0.255051 0.735000 0.207071 0.200000
11 0.345960 0.867500 0.196970 0.175000
11 0.148990 0.875000 0.196970 0.200000
11 0.078283 0.757500 0.146465 0.155000
11 0.166667 0.650000 0.181818 0.190000
11 0.436869 0.760000 0.156566 0.160000
11 0.335859 0.625000 0.176768 0.170000
11 0.295455 0.190000 0.419192 0.220000
11 0.699495 0.197500 0.398990 0.215000
11 0.669192 0.367500 0.429293 0.125000
11 0.267677 0.382500 0.363636 0.155000
11 0.507576 0.075000 0.358586 0.140000
