11 0.516250 0.322500 0.182500 0.170000
11 0.712500 0.320000 0.180000 0.180000
11 0.192500 0.911250 0.205000 0.177500
11 0.076250 0.880000 0.147500 0.190000
11 0.311250 0.586250 0.187500 0.167500
11 0.513750 0.586250 0.197500 0.167500
11 0.705000 0.577500 0.185000 0.170000
11 0.890000 0.586250 0.190000 0.177500
11 0.793750 0.452500 0.187500 0.170000
11 0.602500 0.442500 0.190000 0.160000
11 0.412500 0.452500 0.200000 0.155000
11 0.325000 0.332500 0.190000 0.195000
11 0.216250 0.451250 0.197500 0.147500
11 0.127500 0.575000 0.190000 0.170000
11 0.822500 0.321250 0.130000 0.147500
