11 0.243333 0.225000 0.246667 0.150000
11 0.480000 0.232500 0.280000 0.185000
11 0.730000 0.247500 0.273333 0.195000
11 0.743333 0.422500 0.260000 0.175000
11 0.526667 0.372500 0.293333 0.185000
11 0.256667 0.365000 0.273333 0.140000
11 0.283333 0.495000 0.326667 0.150000
11 0.560000 0.512500 0.240000 0.165000
11 0.753333 0.562500 0.293333 0.155000
11 0.503333 0.690000 0.286667 0.230000
11 0.290000 0.650000 0.286667 0.210000
11 0.746667 0.727500 0.293333 0.175000
11 0.483333 0.857500 0.246667 0.185000
11 0.246667 0.830000 0.266667 0.240000
11 0.733333 0.880000 0.240000 0.170000
