11 0.400376 0.478836 0.251880 0.269841
11 0.633459 0.566138 0.266917 0.296296
11 0.885338 0.552910 0.214286 0.280423
11 0.552632 0.825397 0.293233 0.264550
11 0.845865 0.809524 0.263158 0.328042
11 0.285714 0.716931 0.255639 0.291005
11 0.131579 0.555556 0.255639 0.275132
11 0.265038 0.314815 0.214286 0.269841
11 0.338346 0.150794 0.180451 0.206349
11 0.582707 0.145503 0.210526 0.185185
11 0.582707 0.320106 0.218045 0.238095
11 0.793233 0.362434 0.233083 0.216931
11 0.815789 0.116402 0.225564 0.222222
11 0.103383 0.119048 0.191729 0.195767
11 0.093985 0.296296 0.180451 0.264550
