11 0.597561 0.567500 0.495935 0.275000
11 0.711382 0.817500 0.512195 0.275000
11 0.268293 0.740000 0.520325 0.290000
11 0.605691 0.330000 0.235772 0.140000
11 0.882114 0.325000 0.235772 0.130000
11 0.865854 0.190000 0.219512 0.120000
11 0.813008 0.077500 0.227642 0.115000
11 0.589431 0.070000 0.186992 0.100000
11 0.626016 0.177500 0.227642 0.125000
11 0.357724 0.322500 0.227642 0.135000
11 0.126016 0.335000 0.219512 0.140000
11 0.142276 0.182500 0.203252 0.115000
11 0.174797 0.075000 0.186992 0.100000
11 0.390244 0.067500 0.178862 0.105000
