11 0.486667 0.430000 0.200000 0.150000
11 0.703333 0.490000 0.180000 0.120000
11 0.880000 0.477500 0.160000 0.135000
11 0.876667 0.610000 0.166667 0.150000
11 0.783333 0.742500 0.193333 0.155000
11 0.550000 0.770000 0.220000 0.180000
11 0.286667 0.722500 0.240000 0.185000
11 0.126667 0.575000 0.226667 0.160000
11 0.086667 0.430000 0.160000 0.150000
11 0.276667 0.417500 0.233333 0.145000
11 0.393333 0.547500 0.186667 0.155000
11 0.586667 0.602500 0.213333 0.155000
11 0.340000 0.297500 0.200000 0.135000
11 0.140000 0.287500 0.200000 0.125000
11 0.320000 0.182500 0.173333 0.095000
11 0.490000 0.180000 0.153333 0.100000
11 0.520000 0.280000 0.173333 0.120000
11 0.640000 0.350000 0.173333 0.120000
11 0.803333 0.352500 0.153333 0.115000
11 0.663333 0.242500 0.153333 0.105000
