11 0.833333 0.264444 0.208889 0.120000
11 0.831111 0.386667 0.213333 0.133333
11 0.731111 0.464444 0.182222 0.120000
11 0.757778 0.831111 0.475556 0.311111
11 0.266667 0.835556 0.444444 0.320000
11 0.262222 0.464444 0.168889 0.102222
11 0.637778 0.395556 0.182222 0.151111
11 0.371111 0.271111 0.200000 0.133333
11 0.171111 0.275556 0.200000 0.142222
11 0.171111 0.406667 0.200000 0.146667
11 0.373333 0.397778 0.195556 0.146667
11 0.413333 0.455556 0.115556 0.120000
11 0.122222 0.466667 0.111111 0.106667
