11 0.393768 0.712500 0.203966 0.275000
11 0.596317 0.897500 0.206799 0.205000
11 0.786119 0.765000 0.195467 0.300000
11 0.832861 0.562500 0.186969 0.265000
11 0.137394 0.745000 0.189802 0.300000
11 0.093484 0.490000 0.169972 0.280000
11 0.277620 0.545000 0.186969 0.280000
11 0.338527 0.897500 0.246459 0.205000
11 0.484419 0.512500 0.186969 0.255000
11 0.213881 0.305000 0.161473 0.270000
11 0.379603 0.355000 0.186969 0.310000
11 0.526912 0.327500 0.147309 0.235000
11 0.668555 0.470000 0.181303 0.250000
11 0.774788 0.335000 0.178470 0.240000
11 0.633144 0.225000 0.167139 0.260000
