10  0.618750 0.523958 0.170833 0.268750
10  0.743056 0.363542 0.188889 0.318750
10  0.859722 0.521875 0.202778 0.281250
10  0.834028 0.778125 0.184722 0.277083
10  0.916667 0.258333 0.166667 0.283333
10  0.800694 0.116667 0.181944 0.229167
10  0.616667 0.206250 0.177778 0.250000
10  0.499306 0.358333 0.162500 0.258333
10  0.473611 0.622917 0.169444 0.254167
10  0.595139 0.808333 0.190278 0.237500
10  0.428472 0.841667 0.176389 0.245833
10  0.339583 0.438542 0.170833 0.235417
10  0.309722 0.678125 0.169444 0.268750
10  0.206944 0.878125 0.197222 0.243750
10  0.206250 0.295833 0.193056 0.308333
10  0.179861 0.566667 0.156944 0.229167
10  0.061806 0.240625 0.118056 0.264583
