10  0.472917 0.525000 0.154167 0.212500
10  0.702778 0.414583 0.147222 0.229167
10  0.586111 0.516667 0.144444 0.220833
10  0.463194 0.736458 0.154167 0.306250
10  0.311806 0.715625 0.159722 0.260417
10  0.116667 0.820833 0.166667 0.250000
10  0.194444 0.639583 0.166667 0.212500
10  0.297222 0.507292 0.133333 0.185417
10  0.525000 0.376042 0.175000 0.164583
10  0.700000 0.747917 0.175000 0.150000
10  0.863194 0.595833 0.156944 0.191667
10  0.823611 0.693750 0.138889 0.141667
10  0.365278 0.916667 0.158333 0.162500
