10  0.087904 0.568750 0.125176 0.187500
10  0.191983 0.521250 0.116737 0.177500
10  0.291842 0.400000 0.108298 0.170000
10  0.177215 0.687500 0.129395 0.185000
10  0.441632 0.495000 0.101266 0.185000
10  0.449367 0.691250 0.122363 0.217500
10  0.639241 0.547500 0.122363 0.215000
10  0.458509 0.268750 0.087201 0.202500
10  0.264416 0.900000 0.129395 0.180000
10  0.736287 0.867500 0.133615 0.145000
10  0.284810 0.632500 0.113924 0.215000
10  0.651899 0.335000 0.099859 0.195000
10  0.745429 0.236250 0.092827 0.182500
