22 0.733333 0.366667 0.106667 0.128889
22 0.826667 0.335556 0.106667 0.111111
22 0.893333 0.295556 0.097778 0.111111
22 0.693333 0.297778 0.115556 0.097778
22 0.744444 0.593333 0.075556 0.066667
22 0.813333 0.591111 0.071111 0.071111
22 0.886667 0.628889 0.075556 0.084444
22 0.826667 0.668889 0.071111 0.093333
22 0.744444 0.668889 0.066667 0.093333
22 0.202222 0.640000 0.075556 0.053333
22 0.188889 0.591111 0.057778 0.071111
22 0.257778 0.608889 0.080000 0.062222
22 0.142222 0.613333 0.062222 0.053333
22 0.271111 0.653333 0.062222 0.053333
22 0.164444 0.691111 0.062222 0.066667
22 0.222222 0.311111 0.097778 0.080000
22 0.262222 0.384444 0.115556 0.075556
