22 0.443750 0.412500 0.192500 0.115000
22 0.571250 0.557500 0.117500 0.235000
22 0.561250 0.793750 0.132500 0.252500
22 0.693750 0.780000 0.112500 0.270000
22 0.693750 0.545000 0.147500 0.235000
22 0.870000 0.666250 0.195000 0.222500
22 0.376250 0.781250 0.207500 0.247500
22 0.278750 0.638750 0.252500 0.127500
22 0.637500 0.371250 0.155000 0.187500
22 0.262500 0.410000 0.145000 0.215000
22 0.822500 0.385000 0.195000 0.195000
22 0.506250 0.115000 0.147500 0.175000
22 0.270000 0.226250 0.120000 0.177500
