23 0.687266 0.425000 0.086142 0.130000
23 0.702247 0.307500 0.086142 0.125000
23 0.698502 0.165000 0.078652 0.150000
23 0.597378 0.422500 0.086142 0.135000
23 0.610487 0.285000 0.097378 0.140000
23 0.597378 0.142500 0.108614 0.155000
23 0.509363 0.420000 0.112360 0.130000
23 0.507491 0.645000 0.123596 0.140000
23 0.488764 0.785000 0.116105 0.150000
23 0.610487 0.777500 0.097378 0.165000
23 0.599251 0.627500 0.097378 0.165000
23 0.692884 0.780000 0.082397 0.150000
23 0.202247 0.517500 0.112360 0.135000
23 0.207865 0.657500 0.108614 0.145000
23 0.207865 0.815000 0.116105 0.170000
23 0.320225 0.780000 0.116105 0.170000
23 0.320225 0.635000 0.116105 0.150000
23 0.322097 0.500000 0.112360 0.140000
23 0.097378 0.705000 0.119850 0.140000
23 0.097378 0.550000 0.112360 0.150000
23 0.325843 0.375000 0.119850 0.150000
23 0.211610 0.392500 0.108614 0.145000
23 0.097378 0.395000 0.104869 0.150000
23 0.325843 0.240000 0.119850 0.140000
23 0.211610 0.247500 0.123596 0.165000
23 0.104869 0.237500 0.127341 0.165000
